3.755286499131838209e+05
3.703393918368903105e+05
3.652212840132477577e+05
3.601735537190561299e+05
3.551951573523553088e+05
3.502851296150402050e+05
3.454425352971807588e+05
3.406664668387264828e+05
3.359559940552344196e+05
3.313102180391818401e+05
3.267282620491060661e+05
3.222092302826816449e+05
3.177522773148625274e+05
3.133565398251190200e+05
3.090211769902223605e+05
3.047453704324515420e+05
3.005282845957589452e+05
2.963691304041742696e+05
2.922671023963204934e+05
2.882214156278630253e+05
2.842313066703829682e+05
2.802959957039154833e+05
2.764147462734935107e+05
2.725868069923988078e+05
2.688114450505994610e+05
2.650879482667305856e+05
2.614155888549041993e+05
2.577936794663890614e+05
2.542215191611477640e+05
2.506984238021298952e+05
2.472237290127493616e+05
2.437967555757373048e+05
2.404168619695660018e+05
2.370833943175241584e+05
2.337957139234758797e+05
2.305532010048737575e+05
2.273552216785033816e+05
2.242011771899861924e+05
2.210904575690805796e+05
2.180224665437416697e+05
2.149966259301986720e+05
2.120123441591236333e+05
2.090690623885235400e+05
2.061662116096936807e+05
2.033032351580354152e+05
2.004795936549768376e+05
1.976947350261810061e+05
1.949481376776260440e+05
1.922392708142464107e+05
1.895676147498008504e+05
1.869326663048419869e+05
1.843339102681606892e+05
1.817708598082802200e+05
1.792430197804190102e+05
1.767499050216723699e+05
1.742910461209466448e+05
1.718659622737840400e+05
1.694741990917841322e+05
1.671152946886484569e+05
1.647887961328405363e+05
1.624942655143449374e+05
1.602312541426153330e+05
1.579993379079019069e+05
1.557980859510155569e+05
1.536270754323567089e+05
1.514858978280225128e+05
1.493741344208513619e+05
1.472913893600650190e+05
1.452372607318594528e+05
1.432113537912024476e+05
1.412132874274923815e+05
1.392426708989517356e+05
1.372991347293258877e+05
1.353823040080499486e+05
1.334918102196305117e+05
1.316272978266576538e+05
1.297884021979583194e+05
1.279747784730981803e+05
1.261860769328063761e+05
1.244219535502574727e+05
1.226820766447256610e+05
1.209661059548054036e+05
1.192737195948462759e+05
1.176045913465441263e+05
1.159584000464320852e+05
1.143348362693084346e+05
1.127335824986326770e+05
1.111543382922169840e+05
1.095967993557389127e+05
1.080606658715784579e+05
1.065456491766184045e+05
1.050514529826536163e+05
1.035777968618135055e+05
1.021243969725255447e+05
1.006909734264410072e+05
9.927725692939280998e+04
9.788297100586371380e+04
9.650785390871776326e+04
9.515164087666483829e+04
9.381407062808779301e+04
9.249489193825313123e+04
9.119384682300155691e+04
8.991069097143165709e+04
8.864517742213884776e+04
8.739706226548850827e+04
8.616611113400866452e+04
8.495208330164084327e+04
8.375475073235061427e+04
8.257388307012490986e+04
8.140925262451550225e+04
8.026064075462213077e+04
7.912782284143439028e+04
7.801058603989335825e+04
7.690871548503769736e+04
7.582199862945191853e+04
7.475023150405284832e+04
7.369320452246553032e+04
7.265071901914625778e+04
7.162257458064734237e+04
7.060857279782152909e+04
6.960852338952498394e+04
6.862223079924676858e+04
6.764950959698694351e+04
6.669017285102348251e+04
6.574403535243513761e+04
6.481091959023889649e+04
6.389064310185017530e+04
6.298303281183865329e+04
6.208791436550578510e+04
6.120511487838857283e+04
6.033446875351671770e+04
5.947580574866500683e+04
5.862896432079424267e+04
5.779378184824425989e+04
5.697009695335488504e+04
5.615775515452960826e+04
5.535659761457671993e+04
5.456647355548277847e+04
5.378723130127114564e+04
5.301872021771861182e+04
5.226079619357789488e+04
5.151331103569254628e+04
5.077612401489476906e+04
5.004909366636598861e+04
4.933207938658271451e+04
4.862494673964021058e+04
4.792755746615063254e+04
4.723978021733342030e+04
4.656148305427837477e+04
4.589253473872091854e+04
4.523280986172054691e+04
4.458217943470751925e+04
4.394052086537829746e+04
4.330771110144339036e+04
4.268362764857255388e+04
4.206815351991015632e+04
4.146116837893139746e+04
4.086255780743722426e+04
4.027220704333436152e+04
3.969000175609732105e+04
3.911583281662274385e+04
3.854958796286082361e+04
3.799116040711319511e+04
3.744044312103651464e+04
3.689732939621106198e+04
3.636171743477348355e+04
3.583350251003720768e+04
3.531258495734460303e+04
3.479886496293173695e+04
3.429224293466334348e+04
3.379262391465538531e+04
3.329991020834226219e+04
3.281400880037772004e+04
3.233482660716648752e+04
3.186227068049903755e+04
3.139625244408203434e+04
3.093668076569875848e+04
3.048346883703191270e+04
3.003652985265071766e+04
2.959577706714651504e+04
2.916112785806596003e+04
2.873249721698265421e+04
2.830980412965950381e+04
2.789296764703785084e+04
2.748190681451687851e+04
2.707654456429292259e+04
2.667680160228666136e+04
2.628260232274083683e+04
2.589387123933748080e+04
2.551053280347069085e+04
2.513251512941253532e+04
2.475974425513636015e+04
2.439214962326595560e+04
2.402966084283949021e+04
2.367220741178153185e+04
2.331972227866847606e+04
2.297213645654706124e+04
2.262938410009860672e+04
2.229139957079168016e+04
2.195811707725575616e+04
2.162947407771199869e+04
2.130540622690347300e+04
2.098585207740370242e+04
2.067075042297575419e+04
2.036003986917480506e+04
2.005366208073648158e+04
1.975155704272199728e+04
1.945366741208800522e+04
1.915993611598870484e+04
1.887030586367752403e+04
1.858472224333053236e+04
1.830312927945462434e+04
1.802547345912814490e+04
1.775170156377115563e+04
1.748176013226902796e+04
1.721559841184406469e+04
1.695316419468568347e+04
1.669440754166966144e+04
1.643927882777890045e+04
1.618772816532484649e+04
1.593970821357953537e+04
1.569517027845927259e+04
1.545406775502501660e+04
1.521635436827704325e+04
1.498198356439605959e+04
1.475091118390902375e+04
1.452309180909644419e+04
1.429848194516494550e+04
1.407703843956662240e+04
1.385871784831275727e+04
1.364347897747918614e+04
1.343127946380980393e+04
1.322207871312796851e+04
1.301583648265516240e+04
1.281251222866026910e+04
1.261206752111565584e+04
1.241446284373749040e+04
1.221966030695954032e+04
1.202762237895442377e+04
1.183831122016316658e+04
1.165169097589418743e+04
1.146772478277589471e+04
1.128637727245209862e+04
1.110761343814647989e+04
1.093139796096573446e+04
1.075769738519406019e+04
1.058647731883595588e+04
1.041770474310124519e+04
1.025134700240666461e+04
1.008737112675497519e+04
9.925745894421423145e+03
9.766439214934718620e+03
9.609420258397050929e+03
9.454658557792268766e+03
9.302123331208946183e+03
9.151785436542812022e+03
9.003614925903750191e+03
8.857583007858645942e+03
8.713661251818408346e+03
8.571820913389516136e+03
8.432034785631531122e+03
8.294274914487688875e+03
8.158514406141987820e+03
8.024726724092543009e+03
7.892885020479980994e+03
7.762963888342569589e+03
7.634937228249667896e+03
7.508779912125680312e+03
7.384467164388547644e+03
7.261973901710663085e+03
7.141276390609334157e+03
7.022350256015454761e+03
6.905172012131510201e+03
6.789718519728398860e+03
6.675966336440913437e+03
6.563893283917609551e+03
6.453476589584360227e+03
6.344694294369765885e+03
6.237524778911801150e+03
6.131946126173088487e+03
6.027937602254994999e+03
5.925477923116989587e+03
5.824546548315949622e+03
5.725123269482739488e+03
5.627187586758573161e+03
5.530720107253523565e+03
5.435700928959427984e+03
5.342110829007803659e+03
5.249930908337450091e+03
5.159141983199865535e+03
5.069725905113793488e+03
4.981664054662596754e+03
4.894938432175442358e+03
4.809531353024550299e+03
4.725424855221893267e+03
4.642601944589837331e+03
4.561045191564344350e+03
4.480737731643554071e+03
4.401663006229990970e+03
4.323804187140539398e+03
4.247145350579168735e+03
4.171670170476383646e+03
4.097362835525671471e+03
4.024207830924628070e+03
3.952189380443080609e+03
3.881292552648762012e+03
3.811502044701282102e+03
3.742803022307898573e+03
3.675180938121166491e+03
3.608620991854078511e+03
3.543109172073350237e+03
3.478631124734291916e+03
3.415172921930904522e+03
3.352720913078378089e+03
3.291261203427351575e+03
3.230780634603283033e+03
3.171265732517393644e+03
3.112703410360099952e+03
3.055080849037125972e+03
2.998384994315502809e+03
2.942603479151806823e+03
2.887723645944652162e+03
2.833733188823245200e+03
2.780620060117924368e+03
2.728371986266818567e+03
2.676977334841166794e+03
2.626424206417252208e+03
2.576701020841629088e+03
2.527796446802724404e+03
2.479698936537559348e+03
2.432397540329397543e+03
2.385881063572235234e+03
2.340138601349467081e+03
2.295159488434594095e+03
2.250932852760566220e+03
2.207448380034425099e+03
2.164695531845903588e+03
2.122664032575431065e+03
2.081343837391117631e+03
2.040724704377093531e+03
2.000796911783169890e+03
1.961550533290233261e+03
1.922975880965942679e+03
1.885063489043583331e+03
1.847803704547773350e+03
1.811187359577695815e+03
1.775205100083687967e+03
1.739847788314588342e+03
1.705106500363068790e+03
1.670972135077785197e+03
1.637436043663156397e+03
1.604489408548164192e+03
1.572123608515074011e+03
1.540330228177206209e+03
1.509100684925433825e+03
1.478426818015298295e+03
1.448300314322086024e+03
1.418713039104889504e+03
1.389657055748206858e+03
1.361124270456282602e+03
1.333106982890512882e+03
1.305597355804420658e+03
1.278587714178879423e+03
1.252070573709898099e+03
1.226038302935474348e+03
1.200483637383534642e+03
1.175399190266702590e+03
1.150777722523063403e+03
1.126612178670466164e+03
1.102895366026189777e+03
1.079620434228763088e+03
1.056780424345693973e+03
1.034368512168480038e+03
1.012378050180193554e+03
9.908022635072477442e+02
9.696346965879304207e+02
9.488687982069482132e+02
9.284981402225590728e+02
9.085164645102975101e+02
8.889173952676734416e+02
8.696948545185815647e+02
8.508426807369470453e+02
8.323548250269226401e+02
8.142254020127289778e+02
7.964484181003291496e+02
7.790181574302284844e+02
7.619288318893629821e+02
7.451747566212591209e+02
7.287504039311558017e+02
7.126501470929534889e+02
6.968686182934118278e+02
6.814003879572901496e+02
6.662401213321693376e+02
6.513826345703577090e+02
6.368226536541895939e+02
6.225551458120947927e+02
6.085750261976434103e+02
5.948772971723074079e+02
5.814571058120521911e+02
5.683095175089952136e+02
5.554298222838328911e+02
5.428132669658070881e+02
5.304551786849406199e+02
5.183510231323614335e+02
5.064961923812707596e+02
4.948862874702612658e+02
4.835168743291634996e+02
4.723835928891441540e+02
4.614822155023582013e+02
4.508084485100639540e+02
4.403581924266468377e+02
4.301273199468831194e+02
4.201117719866637685e+02
4.103076157399350450e+02
4.007108595068033310e+02
3.913176917676427138e+02
3.821242796915930171e+02
3.731268533315413265e+02
3.643217628647937545e+02
3.557053061793566826e+02
3.472739480904185712e+02
3.390241378488709074e+02
3.309523826305937177e+02
3.230553035721022752e+02
3.153294755992637874e+02
3.077716280035986074e+02
3.003784795243359440e+02
2.931468021931942189e+02
2.860734758374191529e+02
2.791553396224812786e+02
2.723893751720708565e+02
2.657725578686282688e+02
2.593019120400238648e+02
2.529745636600669343e+02
2.467876030657151887e+02
2.407382517715860502e+02
2.348237287029574247e+02
2.290412976396065119e+02
2.233883178982277400e+02
2.178621176759150728e+02
2.124601456770817833e+02
2.071798510604481294e+02
2.020187239876607919e+02
1.969743441235602859e+02
1.920442640516135384e+02
1.872261467984573073e+02
1.825176583430782671e+02
1.779165020538795261e+02
1.734204648921021317e+02
1.690273103418766993e+02
1.647349028859764530e+02
1.605411119920667886e+02
1.564438411623313812e+02
1.524410717747502986e+02
1.485307649712582361e+02
1.447109741109816525e+02
1.409797592192469438e+02
1.373352113220039428e+02
1.337754939150341329e+02
1.302987532687993451e+02
1.269032198896730677e+02
1.235871324583820012e+02
1.203487581077562538e+02
1.171864318231800297e+02
1.140984742783492436e+02
1.110832828745336229e+02
1.081392669441515011e+02
1.052648637146374426e+02
1.024585642607680853e+02
9.971885957772681763e+01
9.704435455086616003e+01
9.443362196045841017e+01
9.188520956118148320e+01
8.939779506457476543e+01
8.697007372520482704e+01
8.460078089214648855e+01
8.228867393476527070e+01
8.003255133437431823e+01
7.783128091281733418e+01
7.568373734310542034e+01
7.358887201320533222e+01
7.154568248512708806e+01
6.955321736348503237e+01
6.761054343514854281e+01
6.571681611347447927e+01
6.387150824123733628e+01
6.207349744662373325e+01
6.032146126856795121e+01
5.861778721676053294e+01
5.696382973198427635e+01
5.535383491495218777e+01
5.378581795209674254e+01
5.226280665905436962e+01
5.078461527562768651e+01
4.935029148342088945e+01
4.796087772262046656e+01
4.661439596524711959e+01
4.530763172970809904e+01
4.405409099489532565e+01
4.286147229190623165e+01
4.170368532927796679e+01
4.057422393502019986e+01
3.949011635074023729e+01
3.844529306519768141e+01
3.743784065138252970e+01
3.650157313534477055e+01
3.562626053092898104e+01
3.475832571795481840e+01
3.390838798964963274e+01
3.310143401893796522e+01
3.232651418690982581e+01
3.156724615103983567e+01
3.080386663687865934e+01
2.999404388641745101e+01
2.911217273561866037e+01
2.820012154881784028e+01
2.731903839792203925e+01
2.652016051959595799e+01
2.572793314499189066e+01
2.488783354046025664e+01
2.412271296280989219e+01
2.343086077585429905e+01
2.268754951303154144e+01
2.197123743174504540e+01
2.135989782713849294e+01
2.072691670195354163e+01
2.006961184748096017e+01
1.951017918446965993e+01
1.897656633194212361e+01
1.839138776606763770e+01
1.785557842772479731e+01
1.739391299248557488e+01
1.693984292766997868e+01
1.649064387386954422e+01
1.605865686724382257e+01
1.563004475203068822e+01
1.522017603666667895e+01
1.486272061774782216e+01
1.450447177044786429e+01
1.410946786342249837e+01
1.375957863060724051e+01
1.346426086638327924e+01
1.315868688874828152e+01
1.285126731385134491e+01
1.256861027073258974e+01
1.231009059682940965e+01
1.205225983755572905e+01
1.176582979535612061e+01
1.149653147835379130e+01
1.127512307939874070e+01
1.103593511772188940e+01
1.078020144625384624e+01
1.056815531023594446e+01
1.036190210510973486e+01
1.012597882248108583e+01
9.912695003146918538e+00
9.724601570009861362e+00
9.516065468822409557e+00
9.294908977767949665e+00
9.084467852874922755e+00
8.895743943639788043e+00
8.717695003110680574e+00
8.525780717613708148e+00
8.326644143267317943e+00
8.135477337436075373e+00
7.959852574990740059e+00
7.792326989412770466e+00
7.616389303900307439e+00
7.436834878357502454e+00
7.263883143491079331e+00
7.102007507507529738e+00
6.946188759223032250e+00
6.786115074116198187e+00
6.626072505687029768e+00
6.471726904059518226e+00
6.320675883661842853e+00
6.173704470680559275e+00
6.033969847822141297e+00
5.897317842493346340e+00
5.760170612705621807e+00
5.625590490936844823e+00
5.495808721795643947e+00
5.371129419116478232e+00
5.249160719924487850e+00
5.128500046487125985e+00
5.011582351070293484e+00
4.898769614384009152e+00
4.788501394526227806e+00
4.680632868392561541e+00
4.575537129966440908e+00
4.473596896975178261e+00
4.374615141076769298e+00
4.278010197938954207e+00
4.183793996940962323e+00
4.091934570853997144e+00
4.001949679032057894e+00
3.913928372957138357e+00
3.828375231319586902e+00
3.745227917961200692e+00
3.664288551767268753e+00
3.585470534246059771e+00
3.508676210755711011e+00
3.433801229909219099e+00
3.360812852091869640e+00
3.289662719094879950e+00
3.220234128554340547e+00
3.152469800393031818e+00
3.086354825069816954e+00
3.021815767275139564e+00
2.958777313495181804e+00
2.897199915895012801e+00
2.837029529617518087e+00
2.778200762878895613e+00
2.720670217237776356e+00
2.664408797793813566e+00
2.609402486576556601e+00
2.555617128592480469e+00
2.503000895011957994e+00
2.451504134222821207e+00
2.401077351894115086e+00
2.351675364511517152e+00
2.303293815496757269e+00
2.255948561189260460e+00
2.209601632669785154e+00
2.164203722511174988e+00
2.119717285356154779e+00
2.076105705005965696e+00
2.033339616226556235e+00
1.991427554305616354e+00
1.950370600871319304e+00
1.910136284559692754e+00
1.870691084283642613e+00
1.832003732961118070e+00
1.794048056143413783e+00
1.756812367361797245e+00
1.720307720893983872e+00
1.684518472565895930e+00
1.649410175738390105e+00
1.614964977520505274e+00
1.581168882144276866e+00
1.548007423058642473e+00
1.515470476569806602e+00
1.483549589660940748e+00
1.452230659825100245e+00
1.421498850261897040e+00
1.391341843369291897e+00
1.361747637033825953e+00
1.332703962060616698e+00
1.304198772980687648e+00
1.276222252643749888e+00
1.248768911106126867e+00
1.221830706343929540e+00
1.195396161100660937e+00
1.169449683717153077e+00
1.143979561075136875e+00
1.118983279900377603e+00
1.094456677364358921e+00
1.070392461674830153e+00
1.046778759815106374e+00
1.023603316575063316e+00
1.000856591654217809e+00
9.785364406676348992e-01
9.566430424998788595e-01
9.351658453465983012e-01
9.140923810926065984e-01
8.934128569875716686e-01
8.731228947853214573e-01
8.532206811696360083e-01
8.337008876042452110e-01
8.145547258131644597e-01
7.957702488625425508e-01
7.773417725158282554e-01
7.592672751595032077e-01
7.415421246388543830e-01
7.241589073309508962e-01
7.071076395246070900e-01
6.903832518307637667e-01
6.739834236667867629e-01
6.579036435199160371e-01
6.421381254197463528e-01
6.266804360632358684e-01
6.115256637187846955e-01
5.966700346259155019e-01
5.821108761036495327e-01
5.678437578395414409e-01
5.538615927851834320e-01
5.401603638658732942e-01
5.267375125722496554e-01
5.135883658572588661e-01
5.007076886194238297e-01
4.880904980870642840e-01
4.757319926801602539e-01
4.636274205877457533e-01
4.517725517270478885e-01
4.401627390089906111e-01
4.287927791013942946e-01
4.176578151656401006e-01
4.067533866047352009e-01
3.960762652124776850e-01
3.856225606262342898e-01
3.753873756098242698e-01
3.653683638967789582e-01
3.555640219283968673e-01
3.459702810237034187e-01
3.365843300673650451e-01
3.274061272747780249e-01
3.184332343622379713e-01
3.096621171374276948e-01
3.010917497497819229e-01
2.927202177586958887e-01
2.845436465038027607e-01
2.765591002754433925e-01
2.687639115597954542e-01
2.611544325778824005e-01
2.537264484698070199e-01
2.464754679231208889e-01
2.393975820133517896e-01
2.324887982501782913e-01
2.257440371058936357e-01
2.191585183133568093e-01
2.127283493175285145e-01
2.064489823832315052e-01
2.003159170032618175e-01
1.943268584474129868e-01
1.884789912711249127e-01
1.827684374982974369e-01
1.771939544979011794e-01
1.717552732815147976e-01
1.664502182076545433e-01
1.612770199277396843e-01
1.562350758567380427e-01
1.513229153196256060e-01
1.465385142252721429e-01
1.418801641027971350e-01
1.373457101431849459e-01
1.329323670858992001e-01
1.286373948516315313e-01
1.244582313192920536e-01
1.203930781546894424e-01
1.164394676645192639e-01
1.125940133021166856e-01
1.088546989599016163e-01
1.052196361004938130e-01
1.016849393432767007e-01
9.824707477266796107e-02
9.490361073358553889e-02
9.165184981022003741e-02
8.848905657948118175e-02
8.541330144099891497e-02
8.242277901902786419e-02
7.951584856426542613e-02
7.669234427727619763e-02
7.395233067144520167e-02
7.129413875577299275e-02
6.871613791437036767e-02
6.621717185558576024e-02
6.379530221951261459e-02
6.144787614050144925e-02
5.917163788382637235e-02
5.696409749601667738e-02
5.482393260374189559e-02
5.274943811421325263e-02
5.073903028544969607e-02
4.879245905944441103e-02
4.690889769672339227e-02
4.508643466609247447e-02
4.332291865955874288e-02
4.161586533550423739e-02
3.996227084045850947e-02
3.835962537657774951e-02
3.680629746927670254e-02
3.530132128845973188e-02
3.384407364449899813e-02
3.243411593881406763e-02
3.107084709229366443e-02
2.975344113288654752e-02
2.848112209676054163e-02
2.725303071425480908e-02
2.606807076813596330e-02
2.492514536503198999e-02
2.382320587068149573e-02
2.276099653515546717e-02
2.173696572429262633e-02
2.074915431633492582e-02
1.979635158678212659e-02
1.887843346543953763e-02
1.799572574147125653e-02
1.714853788049855443e-02
1.633656843204157189e-02
1.555869305315113645e-02
1.481296028297959116e-02
1.409760669113597174e-02
1.341102279750005198e-02
1.275184476824264661e-02
1.211877492983042849e-02
1.151053956787393903e-02
1.092573423094197332e-02
1.036301150372177966e-02
9.821483922706989583e-03
9.300532728601372187e-03
8.799728297098049004e-03
8.318327049280874880e-03
7.855322700279561421e-03
7.409473910948883787e-03
6.979450908101814122e-03
6.563925270869568930e-03
6.161927938169640268e-03
5.772799815925138550e-03
5.396349143115698917e-03
5.032828253270929010e-03
4.682885589223769948e-03
4.346979991916248738e-03
4.025526167448370898e-03
3.719099444833273965e-03
3.428661156433177992e-03
3.155730451956989015e-03
2.902928567807066922e-03
2.673961082790624923e-03
2.474055233643511834e-03
2.309587877706532986e-03
2.187943748873261065e-03
2.116630466105269386e-03
2.102841952963113194e-03
2.152463513933560498e-03
2.268996529422950912e-03
2.452607679185162849e-03
2.697002953858393740e-03
2.989798801958569972e-03
3.310264485821197335e-03
3.632332612467658456e-03
3.925830445601409882e-03
4.162121284554179228e-03
4.316011753397555953e-03
4.370828740778656511e-03
4.318851464277948839e-03
4.161899949647282840e-03
3.910569726760757502e-03
3.581026852501664054e-03
3.193774001931938035e-03
2.770391133437587888e-03
2.332414406693551333e-03
1.898362551799933013e-03
1.483965515281000010e-03
1.100234982373865912e-03
7.544304034348348542e-04
4.500776887387057776e-04
1.872349533266712837e-04
-3.616652388333941838e-05
-2.239244503236709780e-04
-3.796525456242227405e-04
-5.063524962875881261e-04
-6.060404629272851196e-04
-6.808482567637523606e-04
-7.341220806180248724e-04
-7.708032237631580940e-04
-7.970857871407580671e-04
-8.178533147825788052e-04
-8.360137787895886245e-04
-8.507820377512662112e-04
-8.596964442641324977e-04
-8.594682251259749958e-04
-8.489254733355388900e-04
-8.288586777155856075e-04
-8.027072664355170382e-04
-7.745133240122534452e-04
-7.482807441388160353e-04
-7.263287506133626328e-04
-7.092643708529010457e-04
-6.951072035193728337e-04
-6.805080683643669262e-04
-6.614709502973904146e-04
-6.361788883181051027e-04
-6.051734626420348989e-04
-5.725030399220649253e-04
-5.422938542446005192e-04
-5.176932596476890424e-04
-4.982605401948219694e-04
-4.818321531733312413e-04
-4.655692160415348009e-04
-4.482032716849471002e-04
-4.302076937917958198e-04
-4.129196133077261467e-04
-3.975310214541870725e-04
-3.841324064018330586e-04
-3.721497367799829481e-04
-3.606015140183104991e-04
-3.490154545986979238e-04
-3.373312964933957662e-04
-3.259507926837151978e-04
-3.146896341015198765e-04
-3.027294021148878365e-04
-2.891006171575157728e-04
-2.735942413764765827e-04
-2.578179043856337394e-04
-2.436527659063736871e-04
-2.325740690328511446e-04
-2.234979117155262815e-04
-2.145941594541297493e-04
-2.045644761660209891e-04
-1.936972098800912243e-04
-1.835187380594359690e-04
-1.747040144551265486e-04
-1.674361811820523807e-04
-1.615429662770220256e-04
-1.573906632122102842e-04
-1.556141925369586981e-04
-1.554196213915315567e-04
-1.553265561489988256e-04
-1.535908778411744784e-04
-1.497484920194778709e-04
-1.444561520174901222e-04
-1.381235984600827653e-04
-1.309337993198157551e-04
-1.227856249015955956e-04
-1.135351968224147605e-04
nan
nan
nan
nan
nan
nan
nan
nan
nan
nan
nan
nan
nan
nan
nan
nan
nan
nan
nan
nan
nan
nan
nan
nan
nan
nan
nan
nan
nan
nan
nan
nan
nan
nan
nan
nan
nan
nan
nan
nan
nan
nan
nan
nan
nan
nan
nan
nan
nan
nan
nan
nan
nan
nan
nan
nan
nan
nan
nan
nan
nan
nan
nan
nan
nan
nan
nan
nan
nan
nan
nan
nan
nan
nan
nan
nan
nan
nan
nan
nan
nan
nan
nan
nan
nan
