3.199173480185185667e+02
2.528526018768802714e+02
1.975655921164852487e+02
1.528020305089830231e+02
1.194001505972558590e+02
9.527400661607185839e+01
7.721454014469978233e+01
6.347883453024171274e+01
5.240610799163413702e+01
4.287718202104655063e+01
3.444557349432123061e+01
2.692559536056631941e+01
2.030651933157943745e+01
1.469277204705576878e+01
1.011657351805825478e+01
6.601003274290542677e+00
4.076042609419744167e+00
2.394912466905747994e+00
1.361392794538459405e+00
8.685680237754582755e-01
