3.887552489532265554e+02
3.836350671112863893e+02
3.795350900839723067e+02
3.746730326226712577e+02
3.333796854727966092e+02
3.294702449516848901e+02
3.255436895878988253e+02
3.210698628462820352e+02
3.169562621295584108e+02
3.169639960759618589e+02
3.126334253871681881e+02
3.084278312713657328e+02
3.050233359070743404e+02
3.010952419626750611e+02
3.284838125328028013e+02
3.246110430143528447e+02
3.206874886399107254e+02
3.162039567026212694e+02
3.121704491586346535e+02
3.338420699170402486e+02
3.292999265163267637e+02
3.248532181655951376e+02
3.211545544877103566e+02
3.124979067722117065e+02
3.081547002973746316e+02
3.043618160846684191e+02
3.007163834558859321e+02
2.729587244880443677e+02
2.692566362534113864e+02
2.661816678774339948e+02
2.625174972609641486e+02
2.588126556701163281e+02
2.445195247589070391e+02
2.413529869277788862e+02
2.379036323984016974e+02
2.475704539351124822e+02
2.445819163060397727e+02
2.411101908411123418e+02
2.377259006730195381e+02
2.501097737143137465e+02
2.466874724185365721e+02
2.431570880946346733e+02
2.401324479184277152e+02
2.324423908426356604e+02
2.290806920523284589e+02
2.259825827397761486e+02
2.093440348189674296e+02
2.062628696660718219e+02
2.032443398224774569e+02
2.008208894874312875e+02
1.988403641321108921e+02
1.958546190586363593e+02
1.933490676292339288e+02
2.023524171690745561e+02
1.993395346877094596e+02
1.965420992558644571e+02
1.937466629118848402e+02
1.908746356737175915e+02
1.880058001856541523e+02
1.759632676303430685e+02
1.733627486122638572e+02
1.706735548162945690e+02
1.698868230049515091e+02
1.675283539127355539e+02
1.649126178358586969e+02
1.703108764739043579e+02
1.680736919585082774e+02
1.654776433154771951e+02
1.593358500305578502e+02
1.572668699759754816e+02
1.548833585459884148e+02
1.471142596094046837e+02
1.450309029896379798e+02
1.483443814257359463e+02
1.459611740695333140e+02
1.436923930029803955e+02
1.433362930815991945e+02
1.410531335614439001e+02
1.387104569765667463e+02
1.312464116329951764e+02
1.291682438350765381e+02
1.293597894145298710e+02
1.274081917959910868e+02
1.284465472450475829e+02
1.263000491754427799e+02
1.242394781649989710e+02
1.179369070710598351e+02
1.159378869545094659e+02
1.153403222309965059e+02
1.136204431468660374e+02
1.141853644136140673e+02
1.121777912051052510e+02
1.103868459900023424e+02
1.048757294429399138e+02
1.029993806121434261e+02
1.031121656453967574e+02
1.014636357893957666e+02
1.006641920651592983e+02
9.881537831112596848e+01
9.438032575342030839e+01
9.267296752999477860e+01
9.361222426286664700e+01
9.201734241207866205e+01
8.935547692497830496e+01
8.765548180917954824e+01
8.513258928096712452e+01
8.365311050808205096e+01
8.418757259982083951e+01
8.255078318525652037e+01
7.880850648360016919e+01
7.886322261112657372e+01
7.730084037760450144e+01
7.544893997563221433e+01
7.399790906414962421e+01
7.179329808152876069e+01
7.036362487639559049e+01
7.049864101168348895e+01
6.726468782558909254e+01
6.584196599411036743e+01
6.625259191526309621e+01
6.488314839009484558e+01
6.221989888203665942e+01
6.169982582513923575e+01
6.043349670550635722e+01
5.890209005809980880e+01
5.736172697122284347e+01
5.618507348076983021e+01
5.556239269465388730e+01
5.341883435689460669e+01
5.229391087855341880e+01
5.214488761059155308e+01
4.983936743707209871e+01
4.870901569614080984e+01
4.872862385560138421e+01
4.649825880203830053e+01
4.538238330865373626e+01
4.540869221009785406e+01
4.333005981460297562e+01
4.321461108195671130e+01
4.222274796014421838e+01
4.029142612087787967e+01
4.015919795365401512e+01
3.831874274637263511e+01
3.821404747894470688e+01
3.725494206223950755e+01
3.549680083649923290e+01
3.539135815580622335e+01
3.375345069499120854e+01
3.352951627876302609e+01
3.207206707217375907e+01
3.174409606634050007e+01
3.089280024037815764e+01
2.966663161973960428e+01
2.913851665522255630e+01
2.825004654555127459e+01
2.738750821655324685e+01
2.688471223144193090e+01
2.577248075493881885e+01
2.549660252406442495e+01
2.428813410702785447e+01
2.407281630679345952e+01
2.300328202209059114e+01
2.254844961669683556e+01
2.188110502718449268e+01
2.107701272123704683e+01
2.076146095513143663e+01
1.976253657434214617e+01
1.955600136705326619e+01
1.868932906671175687e+01
1.821948616123260578e+01
1.750250819802299063e+01
1.730567194406913956e+01
1.646694373989291194e+01
1.612103505969718498e+01
1.565629729478513710e+01
1.524835203995267818e+01
1.451157466088811354e+01
1.418657715140751563e+01
1.377743696761879733e+01
1.340195836516640071e+01
1.277071459970282419e+01
1.240617231919121366e+01
1.189105692883284249e+01
1.171681698538117722e+01
1.124577205843357319e+01
1.098985661061179542e+01
1.042771156302746860e+01
1.023308124090803872e+01
9.726674643084486149e+00
9.480410534582189186e+00
9.127779509365543831e+00
8.795572927651910788e+00
8.622243056230075808e+00
8.191343105761264454e+00
7.994399050408396157e+00
7.806479723503963797e+00
7.403971238846133396e+00
7.263388726134489382e+00
7.005679630161892213e+00
6.663446226984942378e+00
6.550936623974124018e+00
6.249099516892151485e+00
5.980855718356576922e+00
5.846989052204130566e+00
5.688971257968367112e+00
5.414296850531427729e+00
5.192012569954398415e+00
5.014831122672709363e+00
4.859468550946473009e+00
4.753580533276360320e+00
4.568285607084018984e+00
4.430703534803676291e+00
4.232764138936953024e+00
4.039471180290236774e+00
3.926984630235859086e+00
3.764084219256532915e+00
3.644615707504433644e+00
3.506985974791978933e+00
3.390138484342148040e+00
3.308022668892173446e+00
3.203653835276448536e+00
3.066680969871063756e+00
2.931556872788918522e+00
2.846048769220875574e+00
2.780287526526251884e+00
2.662725650929433030e+00
2.542423461254478489e+00
2.483513817693521641e+00
2.369034743470471938e+00
2.312068733253971775e+00
2.205232400870435150e+00
2.146722258690414886e+00
2.091780909614557427e+00
1.988333318134404060e+00
1.941302624572403435e+00
1.854425962358939195e+00
1.799712640414715237e+00
1.750609993546241805e+00
1.696942382562574014e+00
1.619929000963050925e+00
1.566714089414836142e+00
1.510739134572949949e+00
1.479947135572970529e+00
1.410077447453589317e+00
1.376497753460734108e+00
1.329531110311622522e+00
1.289356415386919696e+00
1.232001935492057498e+00
1.191088383626534020e+00
1.169367644017220931e+00
1.128686309451308434e+00
1.093512936767221611e+00
1.057165350925131309e+00
1.020737426299692441e+00
9.841439639529644401e-01
9.524039190276972766e-01
9.225802975522647831e-01
8.957641592609894010e-01
8.662792420179141750e-01
8.408381153372300743e-01
8.124882921269679370e-01
7.895382558006506235e-01
7.644744674144569041e-01
7.399586766583869935e-01
7.190710372603974498e-01
6.964765790843377991e-01
6.755542475988872697e-01
6.551821392916911124e-01
6.355570847681865088e-01
6.166189762514541206e-01
5.973646413827706780e-01
5.811620222019114879e-01
5.634094942231209213e-01
5.460460632314171336e-01
5.312946909485576352e-01
5.154106618606549839e-01
5.007409146292205460e-01
4.858335992911469448e-01
4.717874799996147894e-01
4.582815199393875383e-01
4.447718941621184863e-01
4.331348305450471448e-01
4.200001264581528226e-01
4.076119442320703112e-01
3.974677133836581056e-01
3.853154677002732509e-01
3.746844612214982884e-01
3.639584364775487191e-01
3.538328423386170596e-01
3.439783283372769285e-01
3.337860584739956726e-01
3.253303667448411152e-01
3.158897971746053579e-01
3.067428186658099909e-01
2.988721773152401839e-01
2.898962672017628139e-01
2.821910004557522944e-01
2.745810548748024438e-01
2.666430837043562430e-01
2.590180089502927552e-01
2.517256747740680423e-01
2.456002142278205236e-01
2.381791604304954457e-01
2.313626702303216709e-01
2.255160896402401138e-01
2.189028552846056241e-01
2.128807348749403305e-01
2.068821310678370662e-01
2.011314419539008413e-01
1.954450960136114301e-01
1.897110942508459519e-01
1.848981068031598229e-01
1.794951902829745594e-01
1.743602168412489162e-01
1.696754309392461413e-01
1.644003204611189650e-01
1.601363246646927974e-01
1.555060275631493794e-01
1.509542122771491413e-01
1.466196151509105150e-01
1.423441623123417321e-01
1.387608571252192946e-01
1.341531810425098392e-01
1.302486362005618459e-01
1.269932321515685747e-01
1.229434831970725589e-01
1.193868912338084537e-01
1.158159145325527439e-01
1.123894447995985729e-01
1.091684719316708685e-01
1.057325439050347954e-01
1.028205558778899076e-01
9.954403949069981494e-02
9.650961953181665109e-02
9.380175268675516875e-02
9.081760548058158411e-02
8.799585691209954597e-02
8.528157525132297467e-02
8.269187112323196642e-02
8.018615042747612165e-02
7.753803589266305973e-02
7.527111485607487773e-02
7.273732640585744980e-02
7.055309128844718114e-02
6.838319792778407846e-02
6.596978673369392754e-02
6.402384645783786021e-02
6.188541047806573464e-02
5.987300915965255987e-02
5.786687775473361300e-02
5.596323057771117326e-02
5.427337690750630439e-02
5.223867180861620912e-02
5.053948146412304276e-02
4.896502347312541026e-02
4.721884654924354136e-02
4.557972362344202277e-02
4.396618807320222533e-02
4.253096322513197358e-02
4.106198958288623246e-02
3.951682688906971858e-02
3.820731512345457159e-02
3.684632330437638548e-02
3.564844365764466283e-02
3.443075684689316657e-02
3.320774774103602694e-02
3.219638791508448727e-02
3.125975190321594183e-02
3.043678399309007396e-02
2.960077117393757409e-02
2.879102265274081224e-02
2.818773967975617828e-02
2.734644821913174983e-02
2.645177128755279994e-02
2.536490388954999384e-02
2.417089212363549011e-02
2.291508092578613265e-02
2.145922946814519602e-02
2.011196774767423992e-02
1.873253203407991563e-02
1.741957029316927238e-02
1.636553974838256958e-02
1.533903723181697168e-02
1.443473696916507815e-02
1.372317087880370670e-02
1.309708337269123619e-02
1.255170910590865628e-02
1.203664760773326924e-02
1.164208588215493237e-02
1.129596427228045027e-02
1.096624850921537608e-02
1.063165113516298561e-02
1.029917674885964633e-02
1.005552446095382343e-02
9.766845074500140125e-03
9.452974763401567060e-03
9.174954097033871311e-03
8.891998447323979857e-03
8.635632347960725194e-03
8.320529016740456363e-03
8.003182965502222621e-03
7.794830211878067162e-03
7.498820462364666310e-03
7.194912785571157959e-03
6.908478337368216711e-03
6.662022399923058294e-03
6.400730412999206323e-03
6.108579904581723161e-03
5.857596186382173220e-03
5.602779980174540930e-03
5.359664516307221030e-03
5.131690497630285452e-03
4.879045191886764547e-03
4.660691685688526584e-03
4.439410092319844882e-03
4.227183333224161614e-03
4.024993803466605895e-03
3.823840854838202619e-03
3.646541557438552888e-03
3.448599397844051648e-03
3.270932229025910482e-03
3.126836360011471180e-03
2.962163971500694857e-03
2.793639928081982030e-03
2.643725556396856087e-03
2.525453819654048179e-03
2.401989817350229806e-03
2.245758352930348617e-03
2.126840982676662765e-03
2.029420588130335761e-03
1.909715462258715227e-03
1.800373762077407984e-03
1.692269652815995640e-03
1.607974354509014454e-03
1.512660342390645006e-03
1.426228434224449020e-03
1.338760200787182707e-03
1.255411676783541215e-03
1.200636970535214195e-03
1.125456605505669415e-03
1.056307284774635116e-03
9.978467367567328116e-04
9.367918905705710335e-04
8.878247709135650293e-04
8.327381462102193552e-04
7.815182238941969454e-04
7.291783794850231889e-04
6.857935158126950452e-04
6.574262904357758156e-04
6.051175668065696296e-04
5.637167006817630664e-04
5.424250341611189458e-04
5.057979605448283513e-04
4.728547921334504502e-04
4.347511710878060711e-04
4.172777543839291544e-04
4.014914857998399395e-04
3.555901047927467209e-04
3.437959992903396960e-04
3.300958173185728774e-04
2.992643976842818674e-04
2.866192368217942727e-04
2.619666489323724430e-04
2.480148496234086427e-04
2.386510197453184064e-04
2.138855151640295209e-04
2.000024904777545352e-04
1.947918546788160140e-04
1.791412982500803790e-04
1.656163271621728086e-04
1.579205885657509925e-04
1.462153215382357022e-04
1.389330283741660736e-04
1.296514134095278522e-04
1.172259222339700754e-04
1.147355450202603870e-04
1.080870318444390429e-04
9.356983245314607310e-05
9.351340311073052982e-05
8.692977768263853583e-05
7.920386888367012565e-05
7.537118535825540391e-05
7.022603963628865108e-05
6.544129501057605275e-05
6.210806753569694685e-05
5.635203759074665570e-05
5.318131890733396251e-05
4.984451183193914234e-05
4.760966281820198736e-05
4.298846896651322194e-05
4.052763219512328451e-05
3.950273091535215736e-05
3.480860302254076540e-05
3.315046738668064744e-05
3.034479455400079952e-05
3.019988799505653190e-05
2.602213284584262571e-05
2.410844014944690911e-05
2.477073622627882268e-05
2.212218943253460942e-05
