1.000000000000000056e-01
1.018628990244687532e-01
1.037605019766911774e-01
1.056934553557988404e-01
1.076624177045493319e-01
1.096680598336868540e-01
1.117110650504824221e-01
1.137921293915314797e-01
1.159119618598885432e-01
1.180712846666189947e-01
1.202708334768511633e-01
1.225113576604118654e-01
1.247936205471311122e-01
1.271183996869028610e-01
1.294864871145904595e-01
1.318986896198670322e-01
1.343558290220825957e-01
1.368587424502518690e-01
1.394082826282578014e-01
1.420053181653682384e-01
1.446507338521646480e-01
1.473454309619835201e-01
1.500903275579735796e-01
1.528863588058730349e-01
1.557344772926134435e-01
1.586356533508590516e-01
1.615908753895918260e-01
1.646011502308550589e-01
1.676675034527700114e-01
1.707909797389427775e-01
1.739726432343801643e-01
1.772135779080359352e-01
1.805148879221109004e-01
1.838776980082327817e-01
1.873031538506437499e-01
1.907924224765266130e-01
1.943466926536020767e-01
1.979671752951333019e-01
2.016551038724747058e-01
2.054117348353064754e-01
2.092383480396977358e-01
2.131362471841438122e-01
2.171067602537264940e-01
2.211512399725488742e-01
2.252710642645980310e-01
2.294676367231936187e-01
2.337423870891814914e-01
2.380967717380358395e-01
2.425322741760352896e-01
2.470504055456825554e-01
2.516527051405391679e-01
2.563407409296514783e-01
2.611161100917459565e-01
2.659804395593758364e-01
2.709353865732051503e-01
2.759826392466180334e-01
2.811239171408463910e-01
2.863609718508116075e-01
2.916955876018795801e-01
2.971295818577334158e-01
3.026648059395692369e-01
3.083031456568276485e-01
3.140465219496751392e-01
3.198968915434536875e-01
3.258562476153225584e-01
3.319266204733188896e-01
3.381100782480684352e-01
3.444087275973822804e-01
3.508247144239791671e-01
3.573602246065787358e-01
3.640174847446140394e-01
3.707987629168170707e-01
3.777063694539366523e-01
3.847426577258503677e-01
3.919100249433404293e-01
3.992109129748051544e-01
4.066478091781856041e-01
4.142232472483896033e-01
4.219398080805026319e-01
4.298001206490796311e-01
4.378068629038168735e-01
4.459627626819093194e-01
4.542705986374045435e-01
4.627332011878690921e-01
4.713534534786908425e-01
4.801342923653451611e-01
4.890787094139590896e-01
4.981897519205161218e-01
5.074705239490466813e-01
5.169241873891600170e-01
5.265539630332757293e-01
5.363631316739241317e-01
5.463550352214877615e-01
5.565330778427647340e-01
5.669007271207435750e-01
5.774615152359821035e-01
5.882190401699955995e-01
5.991769669310619273e-01
6.103390288028621713e-01
6.217090286163826640e-01
6.332908400455115050e-01
6.450884089267692190e-01
6.571057546036270791e-01
6.693469712958660667e-01
6.818162294944478674e-01
6.945177773823696388e-01
7.074559422819878263e-01
7.206351321293051893e-01
7.340598369757211916e-01
7.477346305177586805e-01
7.616641716552889907e-01
7.758532060787833862e-01
7.903065678861346255e-01
8.050291812295978788e-01
8.200260619934128803e-01
8.353023195026776371e-01
8.508631582640578950e-01
8.667138797389231097e-01
8.828598841495147731e-01
8.993066723187620459e-01
9.160598475443707533e-01
9.331251175078247861e-01
9.505082962189507212e-01
9.682153059967081310e-01
9.862521794868779335e-01
1.004625061717340895e+00
1.023340212191641729e+00
1.042404007021556334e+00
1.061822941099384021e+00
1.081603630310709940e+00
1.101752813788386742e+00
1.122277356208507770e+00
1.143184250129149815e+00
1.164480618372686127e+00
1.186173716452478599e+00
1.208270935044776451e+00
1.230779802506665188e+00
1.253707987440920268e+00
1.277063301308644094e+00
1.300853701090571191e+00
1.325087291997953276e+00
1.349772330233941720e+00
1.374917225806419063e+00
1.400530545393219750e+00
1.426621015260736813e+00
1.453197524236895299e+00
1.480269126739508501e+00
1.507845045861051059e+00
1.535934676510896990e+00
1.564547588616095775e+00
1.593693530381774526e+00
1.623382431612278243e+00
1.653624407094180571e+00
1.684429760042315261e+00
1.715808985610004722e+00
1.747772774464680934e+00
1.780332016430113740e+00
1.813497804196495311e+00
1.847281437099634216e+00
1.881694424970555612e+00
1.916748492056814968e+00
1.952455581016860897e+00
1.988827856988809817e+00
2.025877711735017073e+00
2.063617767863858532e+00
2.102060883130158597e+00
2.141220154815729249e+00
2.181108924191518916e+00
2.221740781062883752e+00
2.263129568399528502e+00
2.305289387051707273e+00
2.348234600554275353e+00
2.391979840020238335e+00
2.436540009125464756e+00
2.481930289186253802e+00
2.528166144331499332e+00
2.575263326771199957e+00
2.623237882163122148e+00
2.672106155079434053e+00
2.721884794575178290e+00
2.772590759860482645e+00
2.824241326078434255e+00
2.876854090190593016e+00
2.930446976972142625e+00
2.985038245118730948e+00
3.040646493467066946e+00
3.097290667331408454e+00
3.154990064958087093e+00
3.213764344100277448e+00
3.273633528715246044e+00
3.334618015786364520e+00
3.396738582272207818e+00
3.460016392185108813e+00
3.524473003801584348e+00
3.590130377007068496e+00
3.657010880777489703e+00
3.725137300800209772e+00
3.794532847236938178e+00
3.865221162631261809e+00
3.937226329963479099e+00
4.010572880855495903e+00
4.085285803928560888e+00
4.161390553316707042e+00
4.238913057338778323e+00
4.317879727332021744e+00
4.398317466650223828e+00
4.480253679829489855e+00
4.563716281924758533e+00
4.648733708020256650e+00
4.735334922917115996e+00
4.823549431001467269e+00
4.913407286296362031e+00
5.004939102700953768e+00
5.098176064420425035e+00
5.193149936590212512e+00
5.289893076098151070e+00
5.388438442608223689e+00
5.488819609789671539e+00
5.591070776755290517e+00
5.695226779712822207e+00
5.801323103833375683e+00
5.909395895340967542e+00
6.019481973827271126e+00
6.131618844795771572e+00
6.245844712439614810e+00
6.362198492657485716e+00
6.480719826311967857e+00
6.601449092734886115e+00
6.724427423484246269e+00
6.849696716357443371e+00
6.977299649665534176e+00
7.107279696773415090e+00
7.239681140910873225e+00
7.374549090259550077e+00
7.511929493320964824e+00
7.651869154570821507e+00
7.794415750404946941e+00
7.939617845382279882e+00
8.087524908770452825e+00
8.238187331399604574e+00
8.391656442830157658e+00
8.547984528840409268e+00
8.707224849239917575e+00
8.869431656014707954e+00
9.034660211810525254e+00
9.202966808760409734e+00
9.374408787662991571e+00
9.549044557518078236e+00
9.726933615426169411e+00
9.908136566858665617e+00
1.009271514630570721e+01
1.028073223830864791e+01
1.047225189888434294e+01
1.066733937734857030e+01
1.086606113854596778e+01
1.106848488549412046e+01
1.127467958244946189e+01
1.148471547840289020e+01
1.169866413101306968e+01
1.191659843098558724e+01
1.213859262690627716e+01
1.236472235053714996e+01
1.259506464258357639e+01
1.282969797894147490e+01
1.306870229743346279e+01
1.331215902504307635e+01
1.356015110565633286e+01
1.381276302832009506e+01
1.407008085602685021e+01
1.433219225503573924e+01
1.459918652473978717e+01
1.487115462808953836e+01
1.514818922258345779e+01
1.543038469183564487e+01
1.571783717773162792e+01
1.601064461318317811e+01
1.630890675549332514e+01
1.661272522034293075e+01
1.692220351641037368e+01
1.723744708063619768e+01
1.755856331414468841e+01
1.788566161883461803e+01
1.821885343465165263e+01
1.855825227755516948e+01
1.890397377819219571e+01
1.925613572129196527e+01
1.961485808579429246e+01
1.998026308572548615e+01
2.035247521183575614e+01
2.073162127401229071e+01
2.111783044448242208e+01
2.151123430182165208e+01
2.191196687578147362e+01
2.232016469295232497e+01
2.273596682327715257e+01
2.315951492743151974e+01
2.359095330508633737e+01
2.403042894406966923e+01
2.447809157044440198e+01
2.493409369951877963e+01
2.539859068780723916e+01
2.587174078595921145e+01
2.635370519267393163e+01
2.684464810961962655e+01
2.734473679737579843e+01
2.785414163241766161e+01
2.837303616516211591e+01
2.890159717909508785e+01
2.944000475100033754e+01
2.998844231231027635e+01
3.054709671159968210e+01
3.111615827824359926e+01
3.169582088726115288e+01
3.228628202536730640e+01
3.288774285825510191e+01
3.350040829913132967e+01
3.412448707852889385e+01
3.476019181541977332e+01
3.540773908965270067e+01
3.606734951574028258e+01
3.673924781802074335e+01
3.742366290721980704e+01
3.812082795843888050e+01
3.883098049059604762e+01
3.955436244734701745e+01
4.029122027951348173e+01
4.104180502904709016e+01
4.180637241455757902e+01
4.258518291843414261e+01
4.337850187558989035e+01
4.418659956385941712e+01
4.500975129608046643e+01
4.584823751389095747e+01
4.670234388327330777e+01
4.757236139187884305e+01
4.845858644816490823e+01
4.936132098237911947e+01
5.028087254942474971e+01
5.121755443364236271e+01
5.217168575554343590e+01
5.314359158053235888e+01
5.413360302965375581e+01
5.514205739240296111e+01
5.616929824163803886e+01
5.721567555063246147e+01
5.828154581230840137e+01
5.936727216069120061e+01
6.047322449462642879e+01
6.159977960380162187e+01
6.274732129711574657e+01
6.391624053343998924e+01
6.510693555481454098e+01
6.631981202212668336e+01
6.755528315331639533e+01
6.881376986415662600e+01
7.009570091165618066e+01
7.140151304013396327e+01
7.273165113001454074e+01
7.408656834939560554e+01
7.546672630843886509e+01
7.687259521663727924e+01
7.830465404301182275e+01
7.976339067929272630e+01
8.124930210614047610e+01
8.276289456246342979e+01
8.430468371788967374e+01
8.587519484845171291e+01
8.747496301554414799e+01
8.910453324821513377e+01
9.076446072885356386e+01
9.245531098233570333e+01
9.417766006869518947e+01
9.593209477938241037e+01
9.771921283717996687e+01
9.953962309984233059e+01
1.013939457675291749e+02
1.032828125941028503e+02
1.052068671023622812e+02
1.071667648032863269e+02
1.091631734193614705e+02
1.111967731120698915e+02
1.132682567136153722e+02
1.153783299629660775e+02
1.175277117462945142e+02
1.197171343418965677e+02
1.219473436696736997e+02
1.242190995452616136e+02
1.265331759388941606e+02
1.288903612390891453e+02
1.312914585212463976e+02
1.337372858212494862e+02
1.362286764141645392e+02
1.387664790981307021e+02
1.413515584835394350e+02
1.439847952876006616e+02
1.466670866343966964e+02
1.493993463605256125e+02
1.521825053264385588e+02
1.550175117335768959e+02
1.579053314474174101e+02
1.608469483265355109e+02
1.638433645577983100e+02
1.668956009978023189e+02
1.700046975206716411e+02
1.731717133723352902e+02
1.763977275314043425e+02
1.796838390767719318e+02
1.830311675620611140e+02
1.864408533970485280e+02
1.899140582361933696e+02
1.934519653744044376e+02
1.970557801501798281e+02
2.007267303562568372e+02
2.044660666579115684e+02
2.082750630190514300e+02
2.121550171362450214e+02
2.161072508808376540e+02
2.201331107493030288e+02
2.242339683219844915e+02
2.284112207303823254e+02
2.326662911331457906e+02
2.370006292009327922e+02
2.414157116103017700e+02
2.459130425468044052e+02
2.504941542174502445e+02
2.551606073727183741e+02
2.599139918382932706e+02
2.647559270567066392e+02
2.696880626390692441e+02
2.747120789270811656e+02
2.798296875655115628e+02
2.850426320853434845e+02
2.903526884977814007e+02
2.957616658993253509e+02
3.012714070881164048e+02
3.068837891917642082e+02
3.126007243068700063e+02
3.184241601504649566e+02
3.243560807235808170e+02
3.303985069871854989e+02
3.365534975507090962e+02
3.428231493733966886e+02
3.492095984787267753e+02
3.557150206821382312e+02
3.623416323323145889e+02
3.690916910662774626e+02
3.759674965785463883e+02
3.829713914046276955e+02
3.901057617190989504e+02
3.973730381485604539e+02
4.047756965997318161e+02
4.123162591029748114e+02
4.199972946715301987e+02
4.278214201767613076e+02
4.357913012397025341e+02
4.439096531392166298e+02
4.521792417370697308e+02
4.606028844202398318e+02
4.691834510607794186e+02
4.779238649935595049e+02
4.868271040122278919e+02
4.958962013837211771e+02
5.051342468816761198e+02
5.145443878390924510e+02
5.241298302206056405e+02
5.338938397147350088e+02
5.438397428464795667e+02
5.539709281106399885e+02
5.642908471262536523e+02
5.748030158125351363e+02
5.855110155867238291e+02
5.964184945842459911e+02
6.075291689016071359e+02
6.188468238624383275e+02
6.303753153071274937e+02
6.421185709064758385e+02
6.540805914998252319e+02
6.662654524581149644e+02
6.786773050723295455e+02
6.913203779678127603e+02
7.041989785449288775e+02
7.173174944465612271e+02
7.306803950529499616e+02
7.442922330043758166e+02
7.581576457522110104e+02
7.722813571388642231e+02
7.866681790071581872e+02
8.013230128396878627e+02
8.162508514287220578e+02
8.314567805772055635e+02
8.469459808314576321e+02
8.627237292461442166e+02
8.787954011821310587e+02
8.951664721378292597e+02
9.118425196146562257e+02
9.288292250172489730e+02
9.461323755890759912e+02
9.637578663841079560e+02
9.817117022752183857e+02
1.000000000000000000e+03
