3.201582958645640247e+02
2.533593638470771339e+02
1.976780870695586998e+02
1.525854394478638483e+02
1.194513033853790347e+02
9.504932754662232242e+01
7.715549288274715423e+01
6.341263979333336920e+01
5.235967661243388704e+01
4.282711786550976285e+01
3.443834495533118911e+01
2.693181747403711768e+01
2.030214098228722008e+01
1.467631464472751901e+01
1.010306004728161966e+01
6.590877791154244214e+00
4.067519183114423065e+00
2.389305556521038376e+00
1.357562328596480405e+00
8.675804797997819229e-01
