1.448620951108958934e+03
1.422706319356191671e+03
1.395745514862686377e+03
1.369508270926329260e+03
1.345218844395634051e+03
1.276302096255322112e+03
1.250984920436424090e+03
1.228157540442832442e+03
1.204974589370980766e+03
1.180645254825932852e+03
1.132844040556349682e+03
1.111266676998563071e+03
1.088813654316671773e+03
1.066776194410273320e+03
1.058911107008909312e+03
1.037557240084320256e+03
1.015893617874662255e+03
9.960035538583000516e+02
9.761275836651183226e+02
9.851880219130689511e+02
9.654685094116787241e+02
9.463090812971717014e+02
9.265704907024364729e+02
9.185471687150090929e+02
9.005137860962207697e+02
8.817341933182409548e+02
8.628468868128361464e+02
8.453069350005971501e+02
8.113075334402211638e+02
7.935002901529687733e+02
7.766478817105125927e+02
7.603439910449581021e+02
7.252683387540712374e+02
7.089658527313046079e+02
6.939509962352788079e+02
6.783052854917702916e+02
6.672338311400195607e+02
6.525343722047757637e+02
6.379896295218907198e+02
6.399498282397560160e+02
6.255562378874510614e+02
6.116681719603889178e+02
5.973798617327470311e+02
5.850419880184456360e+02
5.720522807068759903e+02
5.585798694537537585e+02
5.316701548760441938e+02
5.191938960018321723e+02
5.069325613173144802e+02
4.944421096150313133e+02
4.789650299278357011e+02
4.674925318965617862e+02
4.557744884110524595e+02
4.552518061424035523e+02
4.444040631169601170e+02
4.332655781575805918e+02
4.251952071107622260e+02
4.146816148781038578e+02
4.043829126050145533e+02
3.845318458651379956e+02
3.745930571815245003e+02
3.650563836836530527e+02
3.544229940340322855e+02
3.449416703841203571e+02
3.360246981237472141e+02
3.350887005602744466e+02
3.260925465671571146e+02
3.174243725337945534e+02
3.071435227434994317e+02
2.987151483638347145e+02
2.905464284752911794e+02
2.765746462168542621e+02
2.686909129130773408e+02
2.655449212561818513e+02
2.582522932131116704e+02
2.508188781952790123e+02
2.463434684591587711e+02
2.393573756171625746e+02
2.325204442097877973e+02
2.202251492608188812e+02
2.137351725645544889e+02
2.090294499043809253e+02
2.027276794055563585e+02
1.966521434828465544e+02
1.944202452189932444e+02
1.885304725013971279e+02
1.785507650833661444e+02
1.730969536777350015e+02
1.685743633165550079e+02
1.632604844351570250e+02
1.610196470544403553e+02
1.560981130011552693e+02
1.511160247938097996e+02
1.426782599239247133e+02
1.381762181304332557e+02
1.351610463614219384e+02
1.307508943328647035e+02
1.278983049548325681e+02
1.237854787769123988e+02
1.167389996317167089e+02
1.128343465258669340e+02
1.116843943471816232e+02
1.079423488827310678e+02
1.035579967966060622e+02
1.001440694171681400e+02
9.558440370017569876e+01
9.226825702253488259e+01
9.133344618067904719e+01
8.824563452846537359e+01
8.290622421203218551e+01
8.141114406088209421e+01
7.864937439309619549e+01
7.560705617075488760e+01
7.290848550807028516e+01
6.953739716742009591e+01
6.703202622987834047e+01
6.612913327586416301e+01
6.196319509003407688e+01
5.972819557435055060e+01
5.912677706292376456e+01
5.697055498981448807e+01
5.375632610675459233e+01
5.240743289814133732e+01
5.048459614928122363e+01
4.855505496061749682e+01
4.643482946278098922e+01
4.471090793966641286e+01
4.376153639751711211e+01
4.125718320272888207e+01
3.968815930809974901e+01
3.927047644569189799e+01
3.676657439169477470e+01
3.534284699476234692e+01
3.512459967205636246e+01
3.276987503152223269e+01
3.151626322128070612e+01
3.133882430024002019e+01
2.918504873748587869e+01
2.904203302946581644e+01
2.792992803061519425e+01
2.599090537473002271e+01
2.592521266901312771e+01
2.409320486185690768e+01
2.401839741117664673e+01
2.318558976957579176e+01
2.154972756954374447e+01
2.150560180221570405e+01
2.000838858522699226e+01
1.997472541000941249e+01
1.860583958147151407e+01
1.843805286994921744e+01
1.779984662555951758e+01
1.671190536738210142e+01
1.635495186332803286e+01
1.568332636157097859e+01
1.505615239825272944e+01
1.471424834392732350e+01
1.384930834879218153e+01
1.383808407282715081e+01
1.282923024263068434e+01
1.284802160162309370e+01
1.204612577599018763e+01
1.182419114482360989e+01
1.136748925084347306e+01
1.082725467589428270e+01
1.076880599257944482e+01
9.984082373551050438e+00
1.003406240412965467e+01
9.443884491865739861e+00
9.204735944661424085e+00
8.734816124583650421e+00
8.809286366332896634e+00
8.207666341753336425e+00
8.095205950303231646e+00
7.888172500499949003e+00
7.737155822047596665e+00
7.215054026798047637e+00
7.137543291452803196e+00
6.987269378371045114e+00
6.827136446546753668e+00
6.415901850650308269e+00
6.297003734490849602e+00
5.997148000679255020e+00
6.020475521062582658e+00
5.764185928473501974e+00
5.719332802345240552e+00
5.331579892335115645e+00
5.323328346629430996e+00
5.008590757270598992e+00
4.920413357807785104e+00
4.728270646413600176e+00
4.567500888107513646e+00
4.545298093259699357e+00
4.253802378714084398e+00
4.208297202234875023e+00
4.171790849482836627e+00
3.895528676041991822e+00
3.897977217931066551e+00
3.792440448491819716e+00
3.577419921820361282e+00
3.598737352459713268e+00
3.448099047806123529e+00
3.312507048535328735e+00
3.299491692710614821e+00
3.270333290026738560e+00
3.122240977003570173e+00
3.005486926041895490e+00
2.930689697284942774e+00
2.876825508674927256e+00
2.854346124607916924e+00
2.749026578024142964e+00
2.613387078532848129e+00
2.562327808602791634e+00
2.430423933916814772e+00
2.390189063890296506e+00
2.299527990461650795e+00
2.238195442348312802e+00
2.170314522608750796e+00
2.131547017850135006e+00
2.114759024258745068e+00
2.074037613741066988e+00
2.006730714811443939e+00
1.930316176399518469e+00
1.895941691746591884e+00
1.879296183424611577e+00
1.806534482424944077e+00
1.720379652483347899e+00
1.695983325952425735e+00
1.620545763576817455e+00
1.595643646131298832e+00
1.520349607233734135e+00
1.499327013139803100e+00
1.479038900301275383e+00
1.405276894857945935e+00
1.392315251591211389e+00
1.336839755700251375e+00
1.305215539967097937e+00
1.282260617209673326e+00
1.253382398302956613e+00
1.193984435951069845e+00
1.158428705660500047e+00
1.123292590739694008e+00
1.109061925351409350e+00
1.053086594949990351e+00
1.035993422995141966e+00
1.007750207655995656e+00
9.805977223002320109e-01
9.364145814862656625e-01
9.105331405100364206e-01
8.994418369004026914e-01
8.686899240999401695e-01
8.433273827414828894e-01
8.157337704000561240e-01
7.867435198953047770e-01
7.595616538950923369e-01
7.365392119446491082e-01
7.128436476859497661e-01
6.930014889168201186e-01
6.717215081751459760e-01
6.503471168573187189e-01
6.259977466279750269e-01
6.101842372763702782e-01
5.894044702075836861e-01
5.671459375434967365e-01
5.513154174913695860e-01
5.337088493217542196e-01
5.149885847802659899e-01
4.970745116947477005e-01
4.810517415447572165e-01
4.648054293030892126e-01
4.479835617240586765e-01
4.339864022462797677e-01
4.189083222577829613e-01
4.030516340158993294e-01
3.906601890543873190e-01
3.767400898067443382e-01
3.628451597606727752e-01
3.496720910185314724e-01
3.380316196087118641e-01
3.253898440749517507e-01
3.125747408852099785e-01
3.023242193426752267e-01
2.911210878917296907e-01
2.792813491512078916e-01
2.698300227640564874e-01
2.594669784108544763e-01
2.492250853687034140e-01
2.396164081589983452e-01
2.313995888780675247e-01
2.217076975170075015e-01
2.121397539913612573e-01
2.056352795713660975e-01
1.969501649602199700e-01
1.880997440782539998e-01
1.815550324683001815e-01
1.739147310708112071e-01
1.666325277908611568e-01
1.596274326241067520e-01
1.531379594715515102e-01
1.467809240039192054e-01
1.403392681580449552e-01
1.349838405380364981e-01
1.289143744704621397e-01
1.231415048196671247e-01
1.184193232170312055e-01
1.126263077698647919e-01
1.076321876430909874e-01
1.030108034691099850e-01
9.883295053861508583e-02
9.382940628747615808e-02
8.905828113062247420e-02
8.591666726585681091e-02
8.172567748382504604e-02
7.741218721778515832e-02
7.420488647071818433e-02
7.047435520943283460e-02
6.711544140425942939e-02
6.376785791494832267e-02
6.081455680084374427e-02
5.790466412503653126e-02
5.458795114400444293e-02
5.228722231503616508e-02
4.952799565873072102e-02
4.679370334189349862e-02
4.461325107719570082e-02
4.215529102695273617e-02
3.994218206964782192e-02
3.778446068812415376e-02
3.579859006793907616e-02
3.376834805579009141e-02
3.183654708817470341e-02
3.048145615963297403e-02
2.844199435906532777e-02
2.670492418944219251e-02
2.548742422974814223e-02
2.395096527502836928e-02
2.241945187518003951e-02
2.100292825003242936e-02
1.990249700824179083e-02
1.877624249160600098e-02
1.738070524455459509e-02
1.645610297692720950e-02
1.535932012727387469e-02
1.435215914834687100e-02
1.350351480341078179e-02
1.256789588564519340e-02
1.168795772026817378e-02
1.082315652604598673e-02
1.022229131075295776e-02
9.466833938283961830e-03
8.622740899488919378e-03
8.204892093228549968e-03
7.494293044984294029e-03
6.869756501362324352e-03
6.405693107732402490e-03
5.841975526786554601e-03
5.349754964025105371e-03
4.818032498508801817e-03
4.451561369892466195e-03
4.011326294618810205e-03
3.548259358860354415e-03
3.249041200998563535e-03
2.862201504369941193e-03
2.639758564266742567e-03
2.402919048882661262e-03
2.152387719196495724e-03
2.099013947333491868e-03
2.142574186894567051e-03
2.379827372753583799e-03
2.590150710405562332e-03
2.845430291893679721e-03
3.436576794235916832e-03
3.838434008860978301e-03
4.129065018571963751e-03
4.283113174915132576e-03
4.343896432069480756e-03
4.209316389548348712e-03
3.796766636769709040e-03
3.382191711951583295e-03
2.846465349384746674e-03
2.233305678671076901e-03
1.750743205335635348e-03
1.244091121513038033e-03
7.349941224157301037e-04
3.931787727659598873e-04
9.476976405669521866e-05
-1.863450724183318892e-04
-4.362869718757255441e-04
-5.409071663544226180e-04
-6.528932860462204404e-04
-7.525335125007961415e-04
-7.981523164416302754e-04
-8.590557731233486056e-04
-8.488919941695453539e-04
-8.518840325195438249e-04
-8.602465131779324977e-04
-8.456940666445795281e-04
-8.327609018189578239e-04
-7.708687768062989385e-04
-7.736729217014081100e-04
-7.834657937585756942e-04
-6.861570208570439127e-04
-6.522974420125253556e-04
-6.560488458254745518e-04
-6.454244593575999374e-04
-5.726080449668770680e-04
-5.359530505513252071e-04
-5.486216759547702434e-04
-5.062852515692755923e-04
-4.716582608910772586e-04
-4.577753975256551892e-04
-4.195095947860120935e-04
-4.076506890431371246e-04
-3.830740200432640984e-04
-3.669862177031590206e-04
-3.470210026703114919e-04
-3.261521801636341916e-04
-3.091152369993488544e-04
-2.819688609184908021e-04
-2.845109271390196628e-04
-2.724782062841937086e-04
-2.322676919950873210e-04
-2.235514050776383718e-04
-2.280080773825670997e-04
-2.162468241038840273e-04
-1.804220695263032410e-04
-1.586421382009588590e-04
-1.745895332295263754e-04
-1.581377435562593501e-04
-1.305928366640787971e-04
-1.298048101732383040e-04
-1.231501506648337838e-04
-1.212028492622145174e-04
-1.055874575957934281e-04
-1.044377932436359820e-04
-9.497420798830855809e-05
-9.536503375798743246e-05
-9.785655252820461922e-05
-7.402689358779574412e-05
-7.341236434501922350e-05
-7.212950991009975344e-05
-6.549241008341456186e-05
-6.267861105910824604e-05
-5.201150479269791069e-05
-5.063979091923182175e-05
-4.768082361149931776e-05
-4.966054078728426575e-05
-4.755923859297030810e-05
-2.970891176864864320e-05
-3.992387688438572472e-05
-4.430801422880836793e-05
-2.764198193352871479e-05
-2.836681287875326084e-05
-2.893089554025247149e-05
-3.714642819770497484e-05
-2.455198025122686187e-05
-1.283810094955907553e-05
-3.320819647553358077e-05
-2.066065168577117543e-05
-1.140863604307647343e-05
-2.100026849397334364e-05
-1.320555510869584819e-05
-1.843725182829139100e-05
-1.537726915023510102e-05
-7.924871699279679340e-06
-1.599158158009953570e-05
-1.607348236833595182e-05
-7.914944337582324586e-06
-1.003758886168418195e-05
-1.129939065586906116e-05
-8.048360538203030084e-06
-9.435322598090236247e-06
-6.058476534303854751e-06
-5.917051278434113000e-06
-1.020850551626029393e-05
-4.013494629438658549e-06
-2.699845684778202295e-06
-1.030253175383186208e-05
-3.485057260156038994e-06
-3.800864016474790997e-06
-5.631402102242428654e-06
-3.765463931386613699e-06
-3.884928430376100273e-06
-3.864393111041859421e-06
-2.327088057766451640e-06
-3.914893207082455288e-06
-3.346673654545649741e-06
-2.735270466694942362e-06
-1.324646619441473583e-06
-3.058962466924981434e-06
-2.322326496705208462e-06
-5.455698321320481553e-07
-2.513210430027800748e-06
-1.787012359570688494e-06
-2.303533707652198040e-06
-5.670458151150024025e-08
-2.173971847951384767e-06
-2.417812604322457759e-06
1.103957882218208856e-07
-7.711029479590682077e-07
