-5.983190454772956173e+02
-5.905317786209710675e+02
-5.828098949114196330e+02
-5.747774172052563699e+02
-5.669320836048303818e+02
-6.047638230286618182e+02
-5.963137586975466320e+02
-5.880037195039884637e+02
-5.807700269087965808e+02
-5.726412833747554032e+02
-5.828382137157520901e+02
-5.750298547046858175e+02
-5.674865838852316529e+02
-5.595602863726830947e+02
-5.325713323317351069e+02
-5.258204527694267654e+02
-5.182246270103366896e+02
-5.109105028937955808e+02
-5.043495409087151415e+02
-4.672843480632386672e+02
-4.606617845492743299e+02
-4.542331855778751901e+02
-4.480647227736785680e+02
-4.345564257870727261e+02
-4.281582995947723589e+02
-4.225883953927296943e+02
-4.161294340227497059e+02
-4.099605096866191616e+02
-4.236637314304683173e+02
-4.173281016606950971e+02
-4.111739201089747553e+02
-4.052339024213470680e+02
-4.162727715238771111e+02
-4.099662160133218549e+02
-4.037381170414292910e+02
-3.983508855150039949e+02
-3.849863547219894713e+02
-3.790756576353814467e+02
-3.738094825134666621e+02
-3.513479827943247642e+02
-3.458542930109146027e+02
-3.405717833100450207e+02
-3.356758382619952386e+02
-3.304551768334484336e+02
-3.251216870590527606e+02
-3.205765647412732164e+02
-3.290931464199093170e+02
-3.238344524757121121e+02
-3.190891066229519879e+02
-3.139727512772624891e+02
-3.111162468550436415e+02
-3.061840228101121397e+02
-3.015698668069489372e+02
-2.852325074062123349e+02
-2.804069961374739250e+02
-2.762561681333498882e+02
-2.694453659536204668e+02
-2.648435850259713789e+02
-2.606731025935230832e+02
-2.658368866179076235e+02
-2.612901707806790341e+02
-2.568807465449291954e+02
-2.529725778046841640e+02
-2.484756516998780285e+02
-2.440671147585679535e+02
-2.321291737224689200e+02
-2.278089649562264185e+02
-2.237114830631637972e+02
-2.223048716008560177e+02
-2.183070800172711756e+02
-2.142983727009924451e+02
-2.163223112298712749e+02
-2.126465739130912311e+02
-2.038248171058264404e+02
-1.999316193455855739e+02
-1.965620026999828553e+02
-1.902683713285054807e+02
-1.865926611498044849e+02
-1.832210508028152844e+02
-1.852502002855526655e+02
-1.816258846222452519e+02
-1.763368769355283803e+02
-1.731163013595735549e+02
-1.695962991327061786e+02
-1.627596173704618252e+02
-1.597710702758365073e+02
-1.607393268654410292e+02
-1.574522861148024901e+02
-1.533796665046141641e+02
-1.502659869720419863e+02
-1.443450666742807584e+02
-1.412874977830089449e+02
-1.384710491786547948e+02
-1.391075542126108928e+02
-1.360572184911854663e+02
-1.317255205624011865e+02
-1.287741013691049830e+02
-1.246523800344704824e+02
-1.219743664521498090e+02
-1.222298616395603972e+02
-1.194945349788875433e+02
-1.142042600635921445e+02
-1.117203639261521744e+02
-1.099537752666617649e+02
-1.073446947421433890e+02
-1.060723701176512606e+02
-1.035318373606076818e+02
-9.886599910644955003e+01
-9.653761297403460162e+01
-9.652100896159956278e+01
-9.270437566082676994e+01
-9.039792004414039184e+01
-8.856210168347094225e+01
-8.634717720383811468e+01
-8.493317433167193542e+01
-8.291198770813194585e+01
-7.924844824620200257e+01
-7.900814513343271983e+01
-7.701053414189586022e+01
-7.340932381078434332e+01
-7.146893431989789747e+01
-7.077457587181913823e+01
-6.828676689583187454e+01
-6.642665765855092275e+01
-6.473922643816125344e+01
-6.337940986039242119e+01
-6.161469762544145112e+01
-5.924171084941990273e+01
-5.852104941072749966e+01
-5.692295993166085566e+01
-5.426419089564346621e+01
-5.380670210710675150e+01
-5.234563794107776147e+01
-4.970481040786673077e+01
-4.930918776325998465e+01
-4.794436612580215495e+01
-4.547651314622884655e+01
-4.510606049708943033e+01
-4.282339168571865429e+01
-4.155831183096795201e+01
-4.119076866331138831e+01
-3.904776500148069829e+01
-3.874658269458728199e+01
-3.671635893480996771e+01
-3.553801822995595927e+01
-3.526256756308911378e+01
-3.338481011753211902e+01
-3.304635978402780694e+01
-3.132207667038742116e+01
-3.095852081478686557e+01
-2.943752513860119890e+01
-2.846252627935419000e+01
-2.797829520631717060e+01
-2.679376861072994842e+01
-2.599496895759695292e+01
-2.522963499405275556e+01
-2.417107483552095815e+01
-2.371885495221524920e+01
-2.246669940110164632e+01
-2.223636192210804552e+01
-2.100993983602820236e+01
-2.065817644231541195e+01
-1.976702940274343590e+01
-1.911557952560963258e+01
-1.860688390582522445e+01
-1.766911407051726712e+01
-1.746110208847768419e+01
-1.647079985820723280e+01
-1.616664388393509810e+01
-1.553325309651128272e+01
-1.515524872461695516e+01
-1.427196035964860954e+01
-1.409176014103478458e+01
-1.343833471150734660e+01
-1.292010655993408541e+01
-1.238193354919298628e+01
-1.221585286554062044e+01
-1.164652938492271517e+01
-1.118206954491034821e+01
-1.073735496011769719e+01
-1.055712938624437847e+01
-1.012227399949590456e+01
-9.883921700518225606e+00
-9.324096960074147233e+00
-9.073542851754554661e+00
-8.635365469356525381e+00
-8.537735900417835921e+00
-8.080708494059553715e+00
-7.950510292189207462e+00
-7.601162734930455578e+00
-7.365886142647581458e+00
-7.120150613607290069e+00
-6.749020161415650421e+00
-6.651385430479154870e+00
-6.329627157653311187e+00
-6.019165191725678099e+00
-5.950217522910782542e+00
-5.625299091248548322e+00
-5.428893711199762606e+00
-5.347275973862107179e+00
-5.043106258471780734e+00
-4.935321583389404410e+00
-4.818406517883907725e+00
-4.579341858975510604e+00
-4.372088077938328432e+00
-4.296140045743469749e+00
-4.187167467796154341e+00
-4.037231751411039404e+00
-3.873369699681619593e+00
-3.681998853554831808e+00
-3.574652411467572843e+00
-3.502422438025534657e+00
-3.352192767988483979e+00
-3.284673709169010802e+00
-3.141621760176095624e+00
-3.059354697350022967e+00
-2.948788192962773280e+00
-2.860032822091159055e+00
-2.756848467665165003e+00
-2.634699320857401883e+00
-2.537835329531416662e+00
-2.476409336612209966e+00
-2.426356418450745789e+00
-2.332211541859896542e+00
-2.220506887811597885e+00
-2.167225255643813409e+00
-2.126732055484955808e+00
-2.027083067214914713e+00
-1.987672673899937514e+00
-1.902922433215170628e+00
-1.870356149801632784e+00
-1.792871966439960163e+00
-1.721609847127261173e+00
-1.702875812246545717e+00
-1.629165215736918970e+00
-1.599013613373126530e+00
-1.543056316450873933e+00
-1.482054613486498695e+00
-1.427425061918664584e+00
-1.405827704353622254e+00
-1.362099692809873641e+00
-1.323079401038497194e+00
-1.266545132137889773e+00
-1.251628953797684352e+00
-1.202287609768396104e+00
-1.168194259493456677e+00
-1.130918341066453614e+00
-1.111382702963748192e+00
-1.077876632487604347e+00
-1.031394834501221158e+00
-1.004496940300059205e+00
-9.724585290768276158e-01
-9.476222950146226953e-01
-9.249377480763152359e-01
-9.020749970558006314e-01
-8.759874755667815815e-01
-8.514949572012209256e-01
-8.251289157338773661e-01
-8.025891843054112629e-01
-7.794947474579356772e-01
-7.597694393768792409e-01
-7.353585896664611710e-01
-7.165544738286447890e-01
-6.984902212140219335e-01
-6.764927158099754978e-01
-6.573930152099571877e-01
-6.401315655505003255e-01
-6.227704173995651793e-01
-6.048192761155644082e-01
-5.884793786540916116e-01
-5.729422621951371086e-01
-5.548272279046749800e-01
-5.409823357312958381e-01
-5.272383075946285302e-01
-5.099786423740868546e-01
-4.964594831758325499e-01
-4.837304340038389161e-01
-4.701413171709005745e-01
-4.561223047702653299e-01
-4.439293126276830925e-01
-4.323032431308835299e-01
-4.191339484263678639e-01
-4.073450067402873964e-01
-3.964227274357945419e-01
-3.845757341125903284e-01
-3.741466551985608291e-01
-3.637971331811610254e-01
-3.532895594424384500e-01
-3.428715740784795130e-01
-3.339408840422872782e-01
-3.247661043283739390e-01
-3.134946011819916833e-01
-3.055507791583452204e-01
-2.974622417888005410e-01
-2.876429284514286921e-01
-2.797284277758409488e-01
-2.717247070207687853e-01
-2.638343432881754547e-01
-2.558153510218710847e-01
-2.484557742825325155e-01
-2.413495076155715846e-01
-2.335020100043877500e-01
-2.267747517588977746e-01
-2.201941648950152264e-01
-2.130217041480090001e-01
-2.069951937226536809e-01
-2.008364470153948256e-01
-1.945139948660964957e-01
-1.881257015187633164e-01
-1.828766539825262827e-01
-1.775933774091318085e-01
-1.709723285781023228e-01
-1.660316840437008612e-01
-1.612075789695362749e-01
-1.555673288288977330e-01
-1.509058134708571031e-01
-1.460516645197364738e-01
-1.413704209913882737e-01
-1.366711046704720267e-01
-1.322667925441585179e-01
-1.282278369155848696e-01
-1.234929565611852659e-01
-1.197073841682470829e-01
-1.158257323834732816e-01
-1.116399392985664846e-01
-1.081008613117812600e-01
-1.043950024103192931e-01
-1.008472367161108024e-01
-9.742421080746248296e-02
-9.411055419486337448e-02
-9.087846232951142522e-02
-8.736548630054680187e-02
-8.466517299372042227e-02
-8.172136543955696442e-02
-7.851385759274960574e-02
-7.583128973076627699e-02
-7.321080071686042468e-02
-7.061409365415484418e-02
-6.789306890818216922e-02
-6.536701718507104131e-02
-6.318707350912028398e-02
-6.063788672185624340e-02
-5.848100695499833940e-02
-5.630280589123890650e-02
-5.407620402330204357e-02
-5.209175485881770151e-02
-5.014410629821553639e-02
-4.825767598972328931e-02
-4.625557716039373213e-02
-4.454945382226393330e-02
-4.291458761075820499e-02
-4.100825772158540189e-02
-3.952472000735148677e-02
-3.799535139261858013e-02
-3.637683117950581829e-02
-3.496614130181778524e-02
-3.357969324385000343e-02
-3.228925557457559825e-02
-3.089434084343284370e-02
-2.965233314040445489e-02
-2.851540287021921832e-02
-2.726990497768435814e-02
-2.617461988545421656e-02
-2.497474496576883307e-02
-2.386477071442810738e-02
-2.283043536692117709e-02
-2.164923648921045218e-02
-2.043392789447205996e-02
-1.910717875820587552e-02
-1.787325200507989403e-02
-1.665202659092556228e-02
-1.518394720362819736e-02
-1.398746027598302653e-02
-1.293521551819206555e-02
-1.209063901340047195e-02
-1.138863590593500175e-02
-1.090571959112970717e-02
-1.071965126330540717e-02
-1.053881166611821650e-02
-1.050387556885123280e-02
-1.053245432605078545e-02
-1.042892578203236803e-02
-1.036542511857462857e-02
-1.029558200932078477e-02
-1.007553944937530747e-02
-9.825753358016810213e-03
-9.566596812156359653e-03
-9.290744630607500332e-03
-8.902817029155124864e-03
-8.529787955851898112e-03
-8.155101264266549285e-03
-7.768122611160027668e-03
-7.413379919935698253e-03
-6.997155111164549482e-03
-6.621595134824139785e-03
-6.278730990927458740e-03
-5.925997170226479302e-03
-5.590973835468231873e-03
-5.230713537098477355e-03
-4.954292615106552396e-03
-4.695640024094890203e-03
-4.345430757598173384e-03
-4.081697997569591618e-03
-3.863029263652618863e-03
-3.642620931139708799e-03
-3.380088691322406715e-03
-3.162329375124622519e-03
-2.999953131887749501e-03
-2.799349819600763147e-03
-2.618395090435192245e-03
-2.459345201554942375e-03
-2.290298208318565596e-03
-2.157333089041221005e-03
-2.016568136140954245e-03
-1.891118353584641826e-03
-1.770369061296732383e-03
-1.654628079436845558e-03
-1.549826754868720508e-03
-1.439825586406447101e-03
-1.363628220255598458e-03
-1.278521780606535051e-03
-1.171776662457931417e-03
-1.099418480342301968e-03
-1.043506195616156337e-03
-9.772090169071964965e-04
-8.903131376448962389e-04
-8.198877035045145636e-04
-7.914724013992769768e-04
-7.340883067977279925e-04
-6.668967504270925835e-04
-6.297529839338889251e-04
-5.897871781587383415e-04
-5.567281372006788100e-04
-5.104660592039570594e-04
-4.814665320741136649e-04
-4.472966377019845560e-04
-4.234499527098237420e-04
-4.029435588909212893e-04
-3.581433232106783307e-04
-3.384126288863234001e-04
-3.189758271784403146e-04
-2.949225826552561076e-04
-2.765653591745169978e-04
-2.512526249319415217e-04
-2.362317038915943935e-04
-2.208897929506270811e-04
-2.110787108508484407e-04
-1.974018496561247163e-04
-1.697669146145149163e-04
-1.703285613302673966e-04
-1.651121638951152807e-04
-1.402560647060445117e-04
-1.334567886342957841e-04
-1.266505652279182508e-04
-1.277016698052884660e-04
-1.090530969297367396e-04
-9.147123094698540464e-05
-1.063164050904468535e-04
-8.867611773992971997e-05
-7.471177790020818040e-05
-7.988465772144651643e-05
-6.802901793801917514e-05
-6.960984087312895659e-05
-6.275332445114353743e-05
-5.202669687869685843e-05
-5.731877328324105854e-05
-5.422928626837326277e-05
-4.331060866657680645e-05
-4.313209626354449187e-05
-4.211531187174031204e-05
-3.658426646106864431e-05
-3.585206417369886795e-05
-3.080414995176819791e-05
-2.894359957676221563e-05
-3.142314262359340336e-05
-2.385142279779728716e-05
-2.121314627733001618e-05
-2.743562578466195105e-05
-1.945754339886923340e-05
-1.861854251130511256e-05
-1.940065902325091205e-05
-1.660696885807872906e-05
-1.577022394212334244e-05
-1.488140160618925304e-05
-1.265633541564222005e-05
-1.350675665505375695e-05
-1.217366928917971995e-05
-1.100579101003842051e-05
-9.067353375712307865e-06
-1.014453253293591199e-05
-8.947909087906298097e-06
-6.687823751589661161e-06
-8.243118574512341159e-06
-7.069506229512253629e-06
-7.205943475167294258e-06
-4.677446760620486890e-06
-6.471790281566612762e-06
-6.351724245714464948e-06
-3.566000822368920171e-06
-4.220926048419571149e-06
