2.938630863589765454e+02
2.323452896552860523e+02
1.817037666968920178e+02
1.407305014874000335e+02
1.101623830384408507e+02
8.806078069367002570e+01
7.147234279711757665e+01
5.881893651896297115e+01
4.859116620631417049e+01
3.977221206679797660e+01
3.195992280714965972e+01
2.498844104414536105e+01
1.885101006158907211e+01
1.364541373552372860e+01
9.402296409692743495e+00
6.142849332601524992e+00
3.801766224716470077e+00
2.242157267489251371e+00
1.281324772287826708e+00
8.200174840028653378e-01
