2.940392341733003718e+02
2.322391883137007369e+02
1.811923118135791810e+02
1.407484254625586857e+02
1.102700398485737452e+02
8.792787891172037007e+01
7.141452084961501612e+01
5.877012090078203244e+01
4.855126463169182216e+01
3.974000050948934870e+01
3.193409565314824050e+01
2.496826713204146131e+01
1.883550366468702819e+01
1.363343169218082274e+01
9.392561941065698861e+00
6.133873853963789813e+00
3.792125598817704279e+00
2.233184286425344389e+00
1.275571290143022285e+00
8.175035138805253343e-01
