6.611914380203072142e+03
6.611737941355509975e+03
6.611551463286326907e+03
6.611354375148115651e+03
6.611146073678113680e+03
6.610925921362680128e+03
6.610693244498407694e+03
6.610447331144193413e+03
6.610187428958131022e+03
6.609912742912916656e+03
6.609622432882984867e+03
6.609315611096310022e+03
6.608991339443407014e+03
6.608648626635659639e+03
6.608286425204691113e+03
6.607903628334070163e+03
6.607499066514176775e+03
6.607071504010541503e+03
6.606619635135562930e+03
6.606142080312847611e+03
6.605637381923005705e+03
6.605103999919063426e+03
6.604540307199111339e+03
6.603944584723145454e+03
6.603315016360470509e+03
6.602649683453277248e+03
6.601946559081375199e+03
6.601203502012306672e+03
6.600418250320317384e+03
6.599588414656860550e+03
6.598711471154553692e+03
6.597784753945632474e+03
6.596805447275099141e+03
6.595770577187906383e+03
6.594677002768602506e+03
6.593521406910946098e+03
6.592300286594065255e+03
6.591009942640797817e+03
6.589646468932882271e+03
6.588205741056704028e+03
6.586683404352355865e+03
6.585074861337785478e+03
6.583375258478904470e+03
6.581579472275562694e+03
6.579682094632450571e+03
6.577677417483108911e+03
6.575559416634454465e+03
6.573321734798510988e+03
6.570957663777416201e+03
6.568460125767196587e+03
6.565821653745485492e+03
6.563034370908060737e+03
6.560089969119030684e+03
6.556979686339655927e+03
6.553694283001193980e+03
6.550224017287835522e+03
6.546558619296834877e+03
6.542687264044302538e+03
6.538598543287073880e+03
6.534280436133270086e+03
6.529720278417227746e+03
6.524904730817964264e+03
6.519819745704693560e+03
6.514450532698041570e+03
6.508781522941699222e+03
6.502796332086432813e+03
6.496477721996658147e+03
6.489807561199519114e+03
6.482766784107559033e+03
6.475335349058905194e+03
6.467492195233616258e+03
6.459215198521602360e+03
6.450481126436578961e+03
6.441265592192150507e+03
6.431543008080544496e+03
6.421286538322016895e+03
6.410468051583927263e+03
6.399058073403157323e+03
6.387025738784364876e+03
6.374338745289844155e+03
6.360963306984976043e+03
6.346864109656778055e+03
6.332004267782269380e+03
6.316345283788957204e+03
6.299847010221858000e+03
6.282467615510800897e+03
6.264163554118787033e+03
6.244889541947132784e+03
6.224598537976746229e+03
6.203241733237303379e+03
6.180768548317794739e+03
6.157126640763058276e+03
6.132261923841698263e+03
6.106118598321186255e+03
6.078639199045741407e+03
6.049764658281389529e+03
6.019434387969783529e+03
5.987586383216696959e+03
5.954157349531348700e+03
5.919082856526752039e+03
5.882297520986598101e+03
5.843735222397495818e+03
5.803329354232624610e+03
5.761013114448875058e+03
5.716719838818233256e+03
5.670383380847917579e+03
5.621938542143803716e+03
5.571321557127164851e+03
5.518470636013385047e+03
5.463326569888533413e+03
5.405833401558527839e+03
5.345939165577167842e+03
5.283596700461303044e+03
5.218764535549557877e+03
5.151407854227758435e+03
5.081499534299393417e+03
5.009021265090163979e+03
4.933964739406912486e+03
4.856332916685702003e+03
4.776141351523690901e+03
4.693419579256211364e+03
4.608212547277798876e+03
4.520582077380108785e+03
4.430608340463800232e+03
4.338391320556836945e+03
4.244052240133587475e+03
4.147734913290111763e+03
4.049606987427830063e+03
3.949861027797520364e+03
3.848715392663892999e+03
3.746414840120801273e+03
3.643230800928549797e+03
3.539461245435421915e+03
3.435430067041382699e+03
3.331485900207416762e+03
3.228000288251494567e+03
3.125365115748384142e+03
3.023989223019515521e+03
2.924294126818718269e+03
2.826708782840010372e+03
2.731663343113783412e+03
2.639581885767041967e+03
2.550874127024801055e+03
2.465926166638706945e+03
2.385090368846390447e+03
2.308674541838967343e+03
2.236930649368462582e+03
2.170043367658140141e+03
2.108118887322053979e+03
2.051174450476649326e+03
1.999129203084472920e+03
1.951797025543928385e+03
1.908882072470374396e+03
1.869977795371065213e+03
1.834570227485615078e+03
1.802046264885217624e+03
1.771707567562768872e+03
1.742790514489780890e+03
1.714492365086347263e+03
1.686003397891897293e+03
1.656544313881436892e+03
1.625407615384591963e+03
1.592001024187110488e+03
1.555890323671182841e+03
1.516838359570885814e+03
1.474836393624445691e+03
1.430123676383407428e+03
1.383191107933692365e+03
1.334765312590397116e+03
1.285770479918573983e+03
1.237267000693762157e+03
1.190368270955432763e+03
1.146139971953603435e+03
1.105489450280885876e+03
1.069056156390882506e+03
1.037116922266091478e+03
1.009521499611939134e+03
9.856734926715586198e+02
9.645689043407818417e+02
9.448984944194266973e+02
9.252109957365433957e+02
9.041226016231438507e+02
8.805455512907930142e+02
8.538975466923035356e+02
8.242473263388856139e+02
7.923534225234407131e+02
7.595657184783599405e+02
7.275838565352236174e+02
6.981007010821679160e+02
6.723968076400013842e+02
6.509830737619960246e+02
6.334008566432162297e+02
6.182701695915776554e+02
6.036214117489774935e+02
5.874601833104220532e+02
5.684189101193198894e+02
5.462779206306754531e+02
5.221321254739085589e+02
4.980660338364355084e+02
4.763762056930759172e+02
4.585961357410552068e+02
4.447395495858617096e+02
4.331765146975882885e+02
4.213296824994487793e+02
4.069705513253729237e+02
3.894886142916363383e+02
3.703629122866852867e+02
3.523851929472725715e+02
3.379178485095333713e+02
3.272296610804890520e+02
3.181535406487192290e+02
3.075755618330180710e+02
2.938724863915460901e+02
2.783750841248541406e+02
2.643620487656428963e+02
2.541029695242654043e+02
2.465571495773809545e+02
2.382497281605691910e+02
2.269015981146040986e+02
2.140870317177967479e+02
2.035433960410883287e+02
1.965755153381498417e+02
1.902080658521450687e+02
1.810884239606557742e+02
1.703141815313520908e+02
1.619426039279256884e+02
1.566542871892031314e+02
1.504906514304053360e+02
1.415619897245608172e+02
1.335231046437977227e+02
1.287835796651993405e+02
1.237069456263792233e+02
1.159753143793768970e+02
1.095641780633488480e+02
1.059132931137027356e+02
1.005602754796446305e+02
9.388179970931314244e+01
9.010313766053894824e+01
8.629119094857553307e+01
8.033554198879880914e+01
7.675104009879076727e+01
7.353471695238837924e+01
6.832156637587281978e+01
6.553895259388477257e+01
6.221584339806079100e+01
5.795865778244565547e+01
5.598468580605516820e+01
5.209042201639810088e+01
4.963656760135930313e+01
4.705551308323493487e+01
4.399883171575697816e+01
4.228079995594229956e+01
3.917719089896760210e+01
3.780890290871501236e+01
3.496074330747794079e+01
3.374689727346765977e+01
3.122074696753748668e+01
3.007272697109099013e+01
2.795867382624894404e+01
2.667435018662455803e+01
2.519711385762332512e+01
2.354615547256898722e+01
2.269537978324094141e+01
2.104647257769921254e+01
2.001957085821142357e+01
1.916217316325366227e+01
1.780247440097377165e+01
1.687896017721038788e+01
1.622253497896139152e+01
1.527461350023807540e+01
1.425569412594143515e+01
1.355438824083330651e+01
1.299577069305282784e+01
1.240294922853716386e+01
1.171617182227616105e+01
1.103631494981912375e+01
1.041732349862665252e+01
9.859556903109391257e+00
9.368499057784230644e+00
8.897021752763269120e+00
8.474938457764999100e+00
8.063116111709295097e+00
7.707090079693498907e+00
7.379221586494543850e+00
7.090144536919467555e+00
6.780111547796784599e+00
6.410737639827620349e+00
6.053281957784588663e+00
5.815476196632185513e+00
5.631129001742249507e+00
5.290373135988464703e+00
5.081916841897093917e+00
4.896663896215369682e+00
4.616802449316744550e+00
4.491773296585485298e+00
4.229886475206809493e+00
4.101650007530028397e+00
3.916091292939471558e+00
3.717411706159974738e+00
3.603026439970923089e+00
3.472064892174041351e+00
3.294217238565688710e+00
3.143613796139695715e+00
3.007547518524606112e+00
2.886876027494398311e+00
2.769415683425161756e+00
2.656867231411807584e+00
2.566255623846835476e+00
2.478841357517505450e+00
2.379669470047666380e+00
2.251271140996992326e+00
2.191645784479482550e+00
2.083013580936888154e+00
2.014085309841011640e+00
1.911361530419312338e+00
1.855729769931755646e+00
1.777689467017253167e+00
1.688856394723155629e+00
1.619892048693106990e+00
1.548668525974832066e+00
1.489943854856563110e+00
1.431650654770646236e+00
1.384006956035807923e+00
1.313654279983229589e+00
1.258438943350072670e+00
1.208708433633254753e+00
1.157697548033278068e+00
1.100794454300043856e+00
1.051710808889109172e+00
1.011696842845593469e+00
9.631034923946366622e-01
9.201949360592696081e-01
8.825923271040301277e-01
8.468153361178457628e-01
8.024676825711282158e-01
7.666340854460966803e-01
7.377106842838019318e-01
7.014822071860092878e-01
6.714083141221486306e-01
6.355168293462016837e-01
6.023770255589774303e-01
5.779443769009964260e-01
5.455923770218424895e-01
5.184153735197544188e-01
4.933628605249977261e-01
4.682081993911868523e-01
4.453920383400249983e-01
4.254998865044845591e-01
4.024113823639082210e-01
3.812022045113725999e-01
3.601372097445398879e-01
3.442017514112042931e-01
3.227016708061888339e-01
3.079399831271344978e-01
2.902899782323539735e-01
2.742018491399916269e-01
2.594948965997155299e-01
2.428972610868183890e-01
2.295237385626501536e-01
2.152812459797737166e-01
2.045197862354170282e-01
1.918932480423580500e-01
1.818100467361284112e-01
1.704745177000727696e-01
1.584524339105485569e-01
1.505392899461623912e-01
1.407914005585413908e-01
1.318613909510418791e-01
1.233577139754109403e-01
1.155488238464269651e-01
1.082499696349328855e-01
1.002321086621500296e-01
9.335574093203201362e-02
8.737538529207944382e-02
8.132130321350401758e-02
7.534966191729998430e-02
7.095568866432946931e-02
6.513133639558853216e-02
6.141244489278238627e-02
5.599317003563721723e-02
5.221605460447482222e-02
4.827533624590735206e-02
4.461149313742968775e-02
4.124534644744681094e-02
3.793527593146144711e-02
3.490388464246324540e-02
3.188172037132482733e-02
2.984246893506754122e-02
2.721667651947991956e-02
2.474091420430290719e-02
2.278538075753904282e-02
2.072588277368019039e-02
1.875458074925075505e-02
1.694788058381780857e-02
1.564827170063688710e-02
1.380331312009947138e-02
1.264770946103799254e-02
1.126771684467651677e-02
1.046905291382808738e-02
9.233975462384601263e-03
8.259411562303599005e-03
7.404458621289904119e-03
6.448407431430951478e-03
5.740196931186819854e-03
4.835322177348119234e-03
4.295425443329881771e-03
3.691369299910988305e-03
3.234128502213003565e-03
2.690909979637163500e-03
2.341934814275701063e-03
2.092762077112214365e-03
2.129448959234487779e-03
2.410531410153365309e-03
2.930670960463738726e-03
3.477364633192598330e-03
4.039997432206938674e-03
4.227952681307575560e-03
4.018079355112533918e-03
3.504319917242080130e-03
2.812961721610139371e-03
1.960594178898720456e-03
1.215455395701373195e-03
5.188742153112853002e-04
3.391015238372135606e-05
-2.783672132800472281e-04
-4.954451012424205452e-04
-7.327790731780039384e-04
-7.655398317321932943e-04
-8.577796296391885806e-04
-8.311716383202712210e-04
-8.538949305635999253e-04
-8.069899454264624133e-04
-7.793055038369415622e-04
-7.482641756498325733e-04
-6.917764207817827474e-04
-6.583142723856838996e-04
-5.885654041372910018e-04
-5.619900485960446735e-04
-5.017897963628416540e-04
-4.755833891932238354e-04
-4.108082836083466337e-04
-4.030277940612415400e-04
-3.600317522528114433e-04
-3.360186562608939286e-04
-2.986647826536178844e-04
-2.944895612014208301e-04
-2.743966515001540572e-04
-2.321842702463128207e-04
-2.356952228722819216e-04
-2.103064100372777881e-04
-1.801733009431084572e-04
-1.691715608508223513e-04
-1.446225304753368738e-04
-1.347393843743609654e-04
-1.243456640164622472e-04
-1.064903309191686054e-04
-8.127775565626446457e-05
-8.652943771812569981e-05
-8.756148701674360815e-05
-7.062092146689670784e-05
-6.066901562129569785e-05
-6.613943583812056969e-05
-5.166255950307739424e-05
-4.317673644375594774e-05
-3.749006399472704738e-05
-3.952714005391377497e-05
-3.642512046450048735e-05
-1.940974620395483468e-05
-3.531508726955715069e-05
-3.105705599108767940e-05
-3.244407685921516242e-05
-3.246281526555486934e-05
-3.309542205037249555e-05
-2.949268839666175123e-07
-3.561426485316542890e-05
-6.243505784762954168e-06
3.475977443601681072e-05
-2.780296025355066813e-04
2.298143325185634438e-04
-4.487289319440252100e-05
-1.038242917604894125e-04
1.909637989152827733e-04
-3.172729676677461244e-04
4.124983628517981077e-04
-5.073007491383738641e-04
5.852812066028662127e-04
-6.546377275817606960e-04
6.991217849006917812e-04
-7.416178577889885734e-04
7.581472009045017247e-04
-7.651634380252504220e-04
7.571115543384452458e-04
-7.404577397988991450e-04
6.984223362818277716e-04
-6.599580796053718676e-04
6.025614401357913584e-04
-5.392877388702973585e-04
4.697852876470006898e-04
-3.915251495291042572e-04
3.035910443691310643e-04
