5.000000074505805969e-02 3.500000000000000000e+01
1.500000059604644775e-01 1.760000000000000000e+02
2.500000000000000000e-01 3.470000000000000000e+02
3.500000238418579102e-01 8.490000000000000000e+02
4.499999880790710449e-01 6.120000000000000000e+02
5.500000119209289551e-01 5.490000000000000000e+02
6.499999761581420898e-01 7.210000000000000000e+02
7.500000000000000000e-01 5.090000000000000000e+02
8.500000238418579102e-01 7.660000000000000000e+02
9.499999880790710449e-01 5.470000000000000000e+02
1.049999952316284180e+00 1.860000000000000000e+02
1.150000095367431641e+00 1.450000000000000000e+02
1.250000000000000000e+00 7.500000000000000000e+01
1.349999904632568359e+00 2.300000000000000000e+01
1.450000047683715820e+00 1.000000000000000000e+01
1.549999952316284180e+00 2.000000000000000000e+00
1.650000095367431641e+00 0.000000000000000000e+00
1.750000000000000000e+00 1.000000000000000000e+00
1.849999904632568359e+00 1.000000000000000000e+00
1.950000047683715820e+00 0.000000000000000000e+00
2.049999952316284180e+00 0.000000000000000000e+00
2.150000095367431641e+00 0.000000000000000000e+00
2.250000000000000000e+00 0.000000000000000000e+00
2.349999904632568359e+00 0.000000000000000000e+00
2.450000047683715820e+00 0.000000000000000000e+00
2.549999952316284180e+00 0.000000000000000000e+00
2.650000095367431641e+00 0.000000000000000000e+00
2.750000000000000000e+00 0.000000000000000000e+00
2.849999904632568359e+00 0.000000000000000000e+00
2.950000047683715820e+00 0.000000000000000000e+00
3.049999952316284180e+00 0.000000000000000000e+00
3.150000095367431641e+00 0.000000000000000000e+00
3.250000000000000000e+00 0.000000000000000000e+00
3.349999904632568359e+00 1.000000000000000000e+00
3.450000047683715820e+00 0.000000000000000000e+00
3.549999952316284180e+00 0.000000000000000000e+00
3.650000095367431641e+00 0.000000000000000000e+00
3.750000000000000000e+00 0.000000000000000000e+00
3.849999904632568359e+00 2.000000000000000000e+00
3.950000047683715820e+00 0.000000000000000000e+00
