# R (Mpc/h) | CMASS Autocorrelation | CMASS-WISE Cross-Correlation
1.300693511854509321e-01 5.395240154690315926e+00 4.484660763319261445e-01
2.060063921914130070e-01 3.533680366402124129e+00 2.850136152636406628e-01
3.262769686858351670e-01 2.451280219236037006e+00 1.802171978242135264e-01
5.167638691322845590e-01 2.724483232890345441e+00 1.116652718705086755e-01
8.184607620824766450e-01 1.576355844033191289e+00 6.578568869771617145e-02
1.296294224659016114e+00 1.070910694458404144e+00 4.302342447889562216e-02
2.053096244478226140e+00 7.280020911602282929e-01 3.092227298544436564e-02
3.251734142531867544e+00 5.263344977586092988e-01 2.193473825968683677e-02
5.150160379546492528e+00 3.542935485731484313e-01 1.536899232860444720e-02
8.156925127463900083e+00 2.314162874948963999e-01 9.217741133270118681e-03
