4.440193624393997535e-02 3.967028131159190760e-04 5.118541653954152872e-03 4.452944863505359577e-04 2.028750756533896898e-03 5.882338431629696371e-04 2.666280745504972139e-04 4.802241998895632503e-04 5.678889005367207228e-04 3.757922105462254293e-04 0.000000000000000000e+00 0.000000000000000000e+00 0.000000000000000000e+00 0.000000000000000000e+00 0.000000000000000000e+00 0.000000000000000000e+00 0.000000000000000000e+00 0.000000000000000000e+00 0.000000000000000000e+00 0.000000000000000000e+00
3.967028131159190760e-04 2.343838578578073470e-02 7.358127454976281373e-03 1.329106368300991521e-03 1.196466278104157304e-03 3.912137385779639346e-04 2.457555327868329430e-04 1.068353775405566139e-04 1.315794128544521178e-04 -9.620265332507936409e-05 0.000000000000000000e+00 0.000000000000000000e+00 0.000000000000000000e+00 0.000000000000000000e+00 0.000000000000000000e+00 0.000000000000000000e+00 0.000000000000000000e+00 0.000000000000000000e+00 0.000000000000000000e+00 0.000000000000000000e+00
5.118541653954152872e-03 7.358127454976281373e-03 9.823730487240155476e-03 -5.855506206163872771e-04 1.075031942003290423e-03 4.439233994683861430e-04 5.552775294357528506e-05 2.067320952746989904e-04 2.025031843825347757e-04 1.037077778579302095e-04 0.000000000000000000e+00 0.000000000000000000e+00 0.000000000000000000e+00 0.000000000000000000e+00 0.000000000000000000e+00 0.000000000000000000e+00 0.000000000000000000e+00 0.000000000000000000e+00 0.000000000000000000e+00 0.000000000000000000e+00
4.452944863505359577e-04 1.329106368300991521e-03 -5.855506206163872771e-04 3.592890246151889729e-03 3.466769524018563538e-04 2.750038828843014301e-04 1.435703808179528548e-05 9.934600526096372332e-05 3.789620055568372522e-05 -6.142671928714840213e-07 0.000000000000000000e+00 0.000000000000000000e+00 0.000000000000000000e+00 0.000000000000000000e+00 0.000000000000000000e+00 0.000000000000000000e+00 0.000000000000000000e+00 0.000000000000000000e+00 0.000000000000000000e+00 0.000000000000000000e+00
2.028750756533896898e-03 1.196466278104157304e-03 1.075031942003290423e-03 3.466769524018563538e-04 1.270913189756058990e-03 4.975752142392257443e-04 2.000677932998356058e-04 1.521684459776571994e-04 1.635204466931266675e-04 9.911962999915128743e-05 0.000000000000000000e+00 0.000000000000000000e+00 0.000000000000000000e+00 0.000000000000000000e+00 0.000000000000000000e+00 0.000000000000000000e+00 0.000000000000000000e+00 0.000000000000000000e+00 0.000000000000000000e+00 0.000000000000000000e+00
5.882338431629696371e-04 3.912137385779639346e-04 4.439233994683861430e-04 2.750038828843014301e-04 4.975752142392257443e-04 6.617705780002171344e-04 2.455482724401593007e-04 1.704332146380245570e-04 1.150506815031620406e-04 8.453591764553375462e-05 0.000000000000000000e+00 0.000000000000000000e+00 0.000000000000000000e+00 0.000000000000000000e+00 0.000000000000000000e+00 0.000000000000000000e+00 0.000000000000000000e+00 0.000000000000000000e+00 0.000000000000000000e+00 0.000000000000000000e+00
2.666280745504972139e-04 2.457555327868329430e-04 5.552775294357528506e-05 1.435703808179528548e-05 2.000677932998356058e-04 2.455482724401593007e-04 2.767471974545421764e-04 1.038430269307592330e-04 8.801539004538663107e-05 5.947172223700395420e-05 0.000000000000000000e+00 0.000000000000000000e+00 0.000000000000000000e+00 0.000000000000000000e+00 0.000000000000000000e+00 0.000000000000000000e+00 0.000000000000000000e+00 0.000000000000000000e+00 0.000000000000000000e+00 0.000000000000000000e+00
4.802241998895632503e-04 1.068353775405566139e-04 2.067320952746989904e-04 9.934600526096372332e-05 1.521684459776571994e-04 1.704332146380245570e-04 1.038430269307592330e-04 7.883199874136893588e-05 4.917316902275054664e-05 3.599026804997768059e-05 0.000000000000000000e+00 0.000000000000000000e+00 0.000000000000000000e+00 0.000000000000000000e+00 0.000000000000000000e+00 0.000000000000000000e+00 0.000000000000000000e+00 0.000000000000000000e+00 0.000000000000000000e+00 0.000000000000000000e+00
5.678889005367207228e-04 1.315794128544521178e-04 2.025031843825347757e-04 3.789620055568372522e-05 1.635204466931266675e-04 1.150506815031620406e-04 8.801539004538663107e-05 4.917316902275054664e-05 5.916442844957454320e-05 4.057417214550122444e-05 0.000000000000000000e+00 0.000000000000000000e+00 0.000000000000000000e+00 0.000000000000000000e+00 0.000000000000000000e+00 0.000000000000000000e+00 0.000000000000000000e+00 0.000000000000000000e+00 0.000000000000000000e+00 0.000000000000000000e+00
3.757922105462254293e-04 -9.620265332507936409e-05 1.037077778579302095e-04 -6.142671928714840213e-07 9.911962999915128743e-05 8.453591764553375462e-05 5.947172223700395420e-05 3.599026804997768059e-05 4.057417214550122444e-05 4.181030960693605744e-05 0.000000000000000000e+00 0.000000000000000000e+00 0.000000000000000000e+00 0.000000000000000000e+00 0.000000000000000000e+00 0.000000000000000000e+00 0.000000000000000000e+00 0.000000000000000000e+00 0.000000000000000000e+00 0.000000000000000000e+00
0.000000000000000000e+00 0.000000000000000000e+00 0.000000000000000000e+00 0.000000000000000000e+00 0.000000000000000000e+00 0.000000000000000000e+00 0.000000000000000000e+00 0.000000000000000000e+00 0.000000000000000000e+00 0.000000000000000000e+00 2.611818221100830180e-05 6.139402955256941366e-06 3.403246345409582107e-06 3.940247031956386613e-06 1.133381332457150315e-06 4.901371959955296908e-07 8.927544557195839339e-07 1.587969057723113422e-07 2.736400983447010029e-07 -3.832957627540045132e-08
0.000000000000000000e+00 0.000000000000000000e+00 0.000000000000000000e+00 0.000000000000000000e+00 0.000000000000000000e+00 0.000000000000000000e+00 0.000000000000000000e+00 0.000000000000000000e+00 0.000000000000000000e+00 0.000000000000000000e+00 6.139402955256941366e-06 2.817387858622941356e-05 7.368082152189160532e-06 7.756163717307077343e-06 5.886372944587766525e-06 3.659979051082831808e-06 2.575754492317270228e-06 2.162815696470985515e-06 1.572231263005696263e-06 1.089133557007261982e-06
0.000000000000000000e+00 0.000000000000000000e+00 0.000000000000000000e+00 0.000000000000000000e+00 0.000000000000000000e+00 0.000000000000000000e+00 0.000000000000000000e+00 0.000000000000000000e+00 0.000000000000000000e+00 0.000000000000000000e+00 3.403246345409582107e-06 7.368082152189160532e-06 6.937015973188360704e-06 3.495332765409375229e-06 3.130702316933687256e-06 1.847361637732767305e-06 1.105408957758194674e-06 1.102263338247506425e-06 8.200106748005991885e-07 5.216701114757831886e-07
0.000000000000000000e+00 0.000000000000000000e+00 0.000000000000000000e+00 0.000000000000000000e+00 0.000000000000000000e+00 0.000000000000000000e+00 0.000000000000000000e+00 0.000000000000000000e+00 0.000000000000000000e+00 0.000000000000000000e+00 3.940247031956386613e-06 7.756163717307077343e-06 3.495332765409375229e-06 4.839086140305734937e-06 2.906527698812263020e-06 2.124741993125233751e-06 1.406555350047979371e-06 1.231624022002422612e-06 1.026473289667886563e-06 7.870337215877497817e-07
0.000000000000000000e+00 0.000000000000000000e+00 0.000000000000000000e+00 0.000000000000000000e+00 0.000000000000000000e+00 0.000000000000000000e+00 0.000000000000000000e+00 0.000000000000000000e+00 0.000000000000000000e+00 0.000000000000000000e+00 1.133381332457150315e-06 5.886372944587766525e-06 3.130702316933687256e-06 2.906527698812263020e-06 3.108861925778112260e-06 1.625523701122273486e-06 1.071747511879269455e-06 9.716865366097078897e-07 7.748115090032169341e-07 4.825295141967827514e-07
0.000000000000000000e+00 0.000000000000000000e+00 0.000000000000000000e+00 0.000000000000000000e+00 0.000000000000000000e+00 0.000000000000000000e+00 0.000000000000000000e+00 0.000000000000000000e+00 0.000000000000000000e+00 0.000000000000000000e+00 4.901371959955296908e-07 3.659979051082831808e-06 1.847361637732767305e-06 2.124741993125233751e-06 1.625523701122273486e-06 1.405182152074579939e-06 8.637099974528382515e-07 8.234766494511718147e-07 6.132419264577347544e-07 4.336229818490192412e-07
0.000000000000000000e+00 0.000000000000000000e+00 0.000000000000000000e+00 0.000000000000000000e+00 0.000000000000000000e+00 0.000000000000000000e+00 0.000000000000000000e+00 0.000000000000000000e+00 0.000000000000000000e+00 0.000000000000000000e+00 8.927544557195839339e-07 2.575754492317270228e-06 1.105408957758194674e-06 1.406555350047979371e-06 1.071747511879269455e-06 8.637099974528382515e-07 8.451570208802153788e-07 6.870218692463620446e-07 5.169194461260130928e-07 4.053423595857245365e-07
0.000000000000000000e+00 0.000000000000000000e+00 0.000000000000000000e+00 0.000000000000000000e+00 0.000000000000000000e+00 0.000000000000000000e+00 0.000000000000000000e+00 0.000000000000000000e+00 0.000000000000000000e+00 0.000000000000000000e+00 1.587969057723113422e-07 2.162815696470985515e-06 1.102263338247506425e-06 1.231624022002422612e-06 9.716865366097078897e-07 8.234766494511718147e-07 6.870218692463620446e-07 6.881785165287512404e-07 4.965883647725619922e-07 3.792070366176810556e-07
0.000000000000000000e+00 0.000000000000000000e+00 0.000000000000000000e+00 0.000000000000000000e+00 0.000000000000000000e+00 0.000000000000000000e+00 0.000000000000000000e+00 0.000000000000000000e+00 0.000000000000000000e+00 0.000000000000000000e+00 2.736400983447010029e-07 1.572231263005696263e-06 8.200106748005991885e-07 1.026473289667886563e-06 7.748115090032169341e-07 6.132419264577347544e-07 5.169194461260130928e-07 4.965883647725619922e-07 4.628456937012440043e-07 3.436713272689013582e-07
0.000000000000000000e+00 0.000000000000000000e+00 0.000000000000000000e+00 0.000000000000000000e+00 0.000000000000000000e+00 0.000000000000000000e+00 0.000000000000000000e+00 0.000000000000000000e+00 0.000000000000000000e+00 0.000000000000000000e+00 -3.832957627540045132e-08 1.089133557007261982e-06 5.216701114757831886e-07 7.870337215877497817e-07 4.825295141967827514e-07 4.336229818490192412e-07 4.053423595857245365e-07 3.792070366176810556e-07 3.436713272689013582e-07 3.569449110819326425e-07
